21.4699
21.4711
21.5731
21.728
21.728
21.9482
22.0913
22.0913
22.0913
22.0913
22.0913
22.0913
22.0913
22.0913
22.3085
22.3085
22.3629
22.3632
22.4652
22.5133
22.6113
22.6113
22.6113
22.8194
22.8878
22.8878
22.8878
22.9046
22.9417
22.9417
23.0009
23.034
23.034
23.0921
23.2317
23.2317
23.2317
23.3393
23.3393
23.3393
23.3393
23.3393
23.3393
23.3393
23.3607
23.3607
23.3716
23.4332
23.4332
23.4332
23.5794
23.6532
23.6532
23.7887
23.7887
23.7887
23.7887
23.8279
23.8279
23.8279
23.8279
23.8709
23.8709
23.9015
24.2068
24.2068
24.2068
24.2068
24.2068
24.2068
24.252
24.252
24.252
24.252
24.3527
24.4348
24.4348
24.4498
24.4498
24.4498
24.4498
24.4498
24.4498
24.4654
24.4654
24.4974
24.5037
24.5037
24.5456
24.5456
24.6081
24.6081
24.7034
24.7034
24.7034
24.7034
24.7034
24.7034
24.7034
24.7034
24.738
24.738
24.738
24.738
24.738
24.738
24.738
24.738
24.738
24.738
24.738
24.738
24.738
24.738
24.738
24.738
24.738
24.738
24.738
24.738
24.738
24.738
24.738
24.738
24.738
24.738
24.8506
24.8506
24.8506
24.8562
24.8562
24.8562
24.8562
24.8562
24.8562
24.8562
24.8562
24.8562
24.8562
24.8562
24.8562
24.8562
24.8562
24.8562
24.8562
24.8562
24.8562
24.8562
24.8562
24.8562
