37.0056
37.6968
37.6968
37.6968
37.732
37.732
37.732
37.732
37.732
37.732
37.732
37.7332
37.7648
37.7648
37.7648
37.7669
37.7669
37.7669
37.7669
37.7669
37.7669
37.7669
37.7912
37.7912
37.7912
37.7912
37.7912
37.7912
37.7912
37.7912
37.7912
37.7912
37.7912
37.7912
37.7912
37.7912
37.7912
37.7912
37.7912
37.7912
37.7912
37.7912
37.7912
37.7912
37.7912
37.7912
37.7912
37.8175
37.8175
37.8175
37.8175
37.8175
37.8175
37.8175
37.8175
37.8175
37.8175
37.8175
37.8175
37.8175
37.8175
37.8175
37.8175
37.8175
37.8175
37.8175
37.8175
37.8175
37.8175
37.8175
37.8175
37.8175
37.8175
37.8175
37.8175
37.8175
37.8175
37.8175
37.8175
37.8175
37.8175
37.8175
37.8175
37.8175
37.8175
37.8175
37.8175
37.8175
37.8175
37.8175
37.8175
37.8175
37.8175
37.8175
37.8175
37.8175
37.8175
37.8175
37.8175
37.8175
37.8175
37.8175
37.8175
37.8175
37.8175
37.8175
37.8175
37.8175
37.8175
37.8175
37.8175
37.8175
37.8175
37.8175
37.8175
37.8175
37.8175
37.8175
37.8175
37.8175
37.8175
37.8175
37.8175
37.8175
37.8175
37.8175
37.8175
37.8175
37.8175
37.8175
37.8175
37.8175
37.8175
37.8175
37.8175
37.8175
37.8175
37.8175
37.8175
37.8175
37.8175
37.8175
37.8175
37.8175
37.8175
37.8175
37.8175
37.8175
37.8175
37.8175
