32.6798
32.6798
32.6798
32.6944
32.912
32.912
32.912
32.985
33.0218
33.119
33.119
33.2613
33.3876
33.3876
33.3876
33.4586
33.6189
33.6189
33.6189
33.7126
33.7126
33.7126
33.7976
33.8028
33.8299
33.8299
33.8299
33.9455
33.9455
33.9455
33.9923
34.1418
34.1418
34.1418
34.2972
34.2972
34.346
34.346
34.346
34.346
34.346
34.346
34.4495
34.4551
34.4932
34.4932
34.6361
34.6361
34.7023
34.7023
34.7023
34.7023
34.7023
34.8088
34.8088
34.8088
34.8088
34.8088
34.8088
34.9472
34.9472
34.9472
34.9825
34.9825
34.9992
35.3794
35.3794
35.3794
35.3794
35.3794
35.3794
35.3794
35.3794
35.3794
35.3794
35.3794
35.3794
35.3794
35.3794
35.3794
35.4059
35.4059
35.4059
35.4059
35.4084
35.5022
35.5022
35.5022
35.5022
35.5022
35.5097
35.6784
35.6784
35.6784
35.6784
35.6784
35.6784
35.6784
35.6784
35.6784
35.6784
35.7083
35.7596
35.7596
35.7596
35.7596
35.8323
35.8323
35.9483
35.9483
35.9483
35.9483
36.0078
36.0078
36.0078
36.0078
36.0078
36.0078
36.0078
36.0126
36.0215
36.0215
36.0215
36.077
36.077
36.1226
36.1226
36.1226
36.1226
36.2105
36.3119
36.3119
36.3119
36.3207
36.3207
36.3207
36.3207
36.3207
36.3611
36.3611
36.3611
36.3838
36.3838
36.4396
36.5004
36.5004
36.5004
36.5004
36.5004
36.5004
