5.46934
5.50823
5.52427
5.52427
5.53397
5.53949
5.55698
5.61474
5.63343
5.63343
5.63343
5.72519
5.72519
5.72519
5.72626
5.72626
5.74851
5.76606
5.76606
5.7883
5.83037
5.83037
5.83037
5.83171
5.83641
5.86473
5.93413
5.93413
5.93548
5.93548
5.93548
5.93548
5.93548
5.93548
5.93548
5.93548
5.93548
5.93548
5.93548
5.93548
5.93548
5.93548
5.93548
5.93548
5.93548
5.93548
5.93548
5.93548
5.93548
5.93548
5.93548
5.93548
5.93548
5.93548
5.93548
5.93548
5.93548
5.93548
5.93548
5.93548
5.93548
5.93548
5.93548
5.93548
5.93548
5.93548
5.93548
5.93548
5.93548
5.93548
5.93548
5.93548
5.93548
5.93548
5.93548
5.93548
5.93548
5.93548
5.93548
5.93548
5.93548
5.93548
6.01869
6.01869
6.01869
6.01869
6.01869
6.01869
6.01869
6.01869
6.01869
6.01869
6.01869
6.01869
6.01869
6.23799
6.23799
6.23799
6.23799
6.23799
6.23799
6.23799
6.23799
6.23799
6.23799
6.23799
6.23799
6.23799
6.23799
6.23799
6.23799
6.23799
6.23799
6.23799
6.23799
6.23799
6.23799
6.23799
6.23799
6.23799
6.23799
6.23799
6.23799
6.23799
6.23799
6.23799
6.23799
6.23799
6.23799
6.23799
6.23799
6.23799
6.23799
6.23799
6.23799
6.23799
6.23799
6.23799
6.23799
6.23799
6.23799
6.23799
6.23799
6.23799
6.23799
6.23799
6.23799
6.23799
6.23799
6.23799
