15.9656
16.0627
16.0576
16.0558
16.0412
16.0894
16.1005
16.1005
15.9987
16.0017
16.1445
16.1469
16.1476
16.1611
16.102
16.2948
16.266
16.4177
16.4177
16.4101
16.4413
16.4636
16.4636
16.4525
16.4492
16.4492
16.4492
16.4554
16.4688
16.4688
16.4688
16.4921
16.4921
16.6362
16.6362
16.6385
16.6385
16.6497
16.6911
16.6911
16.6911
16.6911
16.6911
16.6911
16.7279
16.7279
16.7989
16.7989
16.7989
16.7989
16.7989
16.7989
16.7989
16.7989
16.7989
16.8354
16.8354
16.8354
16.9063
16.9063
16.9063
16.9235
16.9235
16.9235
16.9235
16.9235
16.934
16.934
16.934
16.934
17.0054
17.0054
17.0054
17.0054
17.0054
17.0054
17.0054
17.0054
17.0054
17.0054
17.0054
17.0054
17.0054
17.0054
17.0054
17.0054
17.0054
17.0054
17.0054
17.0054
17.0054
17.0054
17.0095
17.0095
17.0095
17.0095
17.0095
17.0095
17.0165
17.0165
17.0165
17.0165
17.0554
17.0554
17.0554
17.0554
17.0675
17.0675
17.0675
17.0675
17.0675
17.0675
17.0675
17.0675
17.0675
17.0675
17.0675
17.0675
17.0675
17.0971
17.0971
17.1905
17.1905
17.1905
17.1905
17.1905
17.1905
17.1905
17.1905
17.1905
17.1981
17.1981
17.1981
17.1981
17.2039
17.2039
17.2203
17.2203
17.2203
17.2203
17.2203
17.2203
17.2203
17.2203
17.2203
17.2203
17.2203
