31.0811
31.5952
31.6474
31.6474
31.6793
31.699
31.7417
31.7417
31.7417
31.7417
31.7417
31.7417
31.7417
31.7417
31.7417
31.7417
31.7417
31.7417
31.7417
31.7417
31.7417
31.7417
31.7417
31.7417
31.7417
31.7417
31.7417
31.7417
31.7417
31.7417
31.7417
31.7469
31.7469
31.7469
31.7469
31.7469
31.7469
31.7469
31.7469
31.7469
31.7469
31.7469
31.7469
31.7469
31.7469
31.7469
31.7469
31.7469
31.7469
31.7469
31.7469
31.7469
31.7469
31.7469
31.7469
31.7469
31.7469
31.7469
31.7469
31.7469
31.7469
31.7469
31.7469
31.7469
31.7469
31.7469
31.7469
31.7469
31.7469
31.7469
31.7469
31.7469
31.7469
31.7469
31.7469
31.7469
31.7469
31.7469
31.7469
31.7469
31.7469
31.7469
31.7469
31.7469
31.7469
31.7469
31.7469
31.7469
31.7469
31.7469
31.7469
31.7469
31.7469
31.7469
31.7469
31.7469
31.7469
31.7469
31.7469
31.7469
31.7469
31.7469
31.7469
31.7469
31.7469
31.7469
31.7469
31.7469
31.7469
31.7469
31.7469
31.7469
31.7469
31.7469
31.7469
31.7469
31.7469
31.7469
31.7469
31.7469
31.7469
31.7469
31.7469
31.7469
31.7469
31.7469
31.7469
31.7469
31.7469
31.7469
31.7469
31.7469
31.7469
31.7469
31.7469
31.7469
31.7469
31.7469
31.7469
31.7469
31.7469
31.7469
31.7469
31.7469
31.7469
31.7469
31.7469
31.7469
31.7469
31.7469
