5.28289
5.27688
5.22452
5.22499
5.22585
5.45366
5.49988
5.51886
5.55606
5.57738
5.65384
5.63633
5.61525
5.64405
5.64405
5.67117
5.69758
5.66668
5.5967
5.59538
5.39514
5.39514
5.39514
5.41594
5.4273
5.53597
5.53597
5.57249
5.57249
5.59237
5.59237
5.59237
5.59237
5.59499
5.59093
5.61795
5.61795
5.61795
5.61795
5.61795
5.61795
5.61795
5.61795
5.61795
5.61795
5.61795
5.61795
5.61795
5.61795
5.61795
5.61795
5.61795
5.61795
5.61795
5.61795
5.61795
5.61795
5.61795
5.61795
5.71435
5.71435
5.71435
5.71435
5.71435
5.73567
5.73567
5.73567
5.73567
5.84496
5.84496
5.84496
5.84496
5.84496
5.92646
5.92646
5.92646
5.92646
5.96335
5.96335
5.96335
5.96335
5.96335
5.96335
5.96335
6.01439
6.01439
6.01439
6.01439
6.01439
6.01439
6.01439
6.01439
6.01439
6.01439
6.01439
6.01439
6.01439
6.01439
6.01439
6.01439
6.01793
6.01793
6.01793
6.01793
6.01793
6.01793
6.01793
6.01793
6.01793
6.01793
6.01793
6.01793
6.01793
6.01793
6.01793
6.01793
6.01793
6.01793
6.01793
6.01793
6.01793
6.01793
6.01793
6.01793
6.01793
6.01793
6.01793
6.01793
6.01793
6.01793
6.01793
6.05694
6.05694
6.05694
6.05694
6.05694
6.05694
6.05694
6.05694
6.05694
6.05694
6.05694
6.05694
6.05694
6.05694
6.05694
6.05694
