16.8057
16.8057
16.8057
16.8251
16.845
16.9479
16.9599
17.0638
17.0638
17.0988
17.0988
17.1458
17.2015
17.4821
17.4821
17.4821
17.4821
17.5184
17.5184
17.5184
17.5184
17.5184
17.5184
17.5199
17.6373
17.6373
17.6373
17.6373
17.6373
17.6448
17.8022
17.8022
17.8022
17.8859
17.8859
17.8859
17.8859
17.9328
17.9328
17.9328
17.9652
17.9652
17.9652
17.9652
17.9652
18.0858
18.0858
18.0858
18.0858
18.1946
18.1946
18.1946
18.1946
18.1946
18.2267
18.2835
18.2835
18.2835
18.2835
18.2835
18.3289
18.3623
18.3623
18.3623
18.3623
18.3623
18.3623
18.3907
18.4307
18.4307
18.4307
18.55
18.55
18.55
18.5711
18.5711
18.5711
18.5832
18.5832
18.5832
18.5832
18.694
18.694
18.694
18.694
18.7151
18.7151
18.7151
18.7151
18.7151
18.7151
18.7151
18.7151
18.7151
18.7151
18.7151
18.7151
18.7151
18.7151
18.7151
18.7151
18.7151
18.7151
18.7151
18.7151
18.7151
18.7151
18.7151
18.7151
18.7151
18.7151
18.7151
18.7151
18.7151
18.7151
18.7151
18.7151
18.7151
18.7151
18.7151
18.7151
18.7151
18.7151
18.7151
18.7151
18.7151
18.7151
18.7651
18.7651
18.7651
18.7651
18.7651
18.7651
18.7651
18.7651
18.7651
18.7651
18.7651
18.7651
18.7651
18.7651
18.7651
18.7651
18.7651
18.7651
18.7651
18.7651
18.7651
18.7651
18.7651
