32.2269
32.2177
32.2086
32.2397
32.2397
32.2439
32.2461
32.3196
32.3105
32.2569
32.2736
32.2736
32.1814
32.1814
32.364
32.2559
32.2877
32.2809
32.2809
32.0593
32.0593
32.1291
32.2827
32.2827
32.2942
32.2942
32.2942
32.2217
32.227
32.3034
32.3034
32.3236
32.3236
32.3236
32.3485
32.3485
32.3485
32.3485
32.3485
32.495
32.495
32.495
32.495
32.5037
32.5037
32.6153
32.6153
32.6153
32.6226
32.6353
32.6353
32.6436
32.679
32.7371
32.7371
32.7371
32.741
32.741
32.741
32.741
32.7441
32.7441
32.7441
32.7973
32.7973
32.7988
32.7988
32.7988
32.7988
32.827
32.8384
32.8384
32.8384
32.8384
32.8384
32.8384
32.8384
32.8472
32.8472
32.8472
32.8472
32.8472
32.8863
32.8928
33.0128
33.0128
33.0128
33.0128
33.0128
33.0128
33.1492
33.1492
33.3324
33.3324
33.3324
33.5165
33.5165
33.5165
33.5165
33.5278
33.5278
33.5307
33.5307
33.5307
33.5307
33.5307
33.5307
33.5307
33.5307
33.5626
33.5626
33.5626
33.5626
33.6659
33.6659
33.6659
33.8307
33.8325
34.01
34.01
34.01
34.01
34.0415
34.0415
34.0415
34.0465
34.0465
34.0465
34.0465
34.059
34.0638
34.0638
34.0638
34.1208
34.1601
34.1601
34.1601
34.1601
34.1601
34.1601
34.1601
34.1601
34.1601
34.1601
34.1601
34.2235
34.2235
