19.1903
19.2317
19.3078
19.3431
19.3622
19.3622
19.3622
19.3622
19.3622
19.3657
19.3684
19.3832
19.3832
19.3832
19.398
19.398
19.398
19.398
19.4066
19.4066
19.4066
19.4066
19.4066
19.4066
19.4066
19.4066
19.4066
19.4066
19.4066
19.4066
19.4066
19.4066
19.4066
19.4066
19.4066
19.4066
19.4066
19.4066
19.4066
19.4066
19.4066
19.4066
19.4066
19.4066
19.4066
19.4066
19.4066
19.4066
19.4066
19.4066
19.4066
19.4066
19.4066
19.4066
19.4066
19.4066
19.4066
19.4066
19.4066
19.4066
19.4066
19.4066
19.4066
19.4066
19.4066
19.4066
19.4066
19.4066
19.4066
19.4066
19.4066
19.4066
19.4066
19.4066
19.4066
19.4066
19.4066
19.4066
19.4066
19.4066
19.4066
19.4066
19.4066
19.4066
19.4066
19.4066
19.4066
19.4066
19.4066
19.4066
19.4066
19.4066
19.4066
19.4066
19.4066
19.4066
19.4066
19.4066
19.4066
19.4066
19.4066
19.4066
19.4066
19.4066
19.4066
19.4066
19.4066
19.4066
19.4066
19.4066
19.4066
19.4066
19.4066
19.4066
19.4066
19.4066
19.4066
19.4066
19.4066
19.4066
19.4066
19.4066
19.4066
19.4066
19.4066
19.4066
19.4066
19.4066
19.4066
19.4066
19.4066
19.4066
19.4066
19.4066
19.4066
19.4066
19.4066
19.4066
19.4066
19.4066
19.4066
19.4066
19.4066
19.4066
19.4066
19.4066
19.4066
19.4066
19.4066
19.4066
