21.1453
21.1488
21.1432
21.1595
21.282
21.2206
21.0681
21.0719
21.1207
21.3217
21.323
21.2884
21.4446
21.4391
21.5847
21.5856
21.5872
21.5884
21.5884
21.5884
21.5858
21.5748
21.5748
21.4319
21.4319
21.4319
21.4319
21.4615
21.4615
21.6905
21.6905
21.6905
21.6559
21.6957
21.6957
21.8122
21.8131
21.8131
21.8131
21.8131
21.8366
21.8366
21.8366
21.8366
21.8366
22.0824
22.0824
22.0824
22.1682
22.1682
22.1682
22.1727
22.1727
22.1727
22.1854
22.2069
22.2069
22.2107
22.2107
22.2107
22.2107
22.2107
22.2107
22.2107
22.2107
22.2235
22.2235
22.2235
22.2235
22.2235
22.2235
22.2235
22.2235
22.2235
22.2235
22.2235
22.2235
22.2235
22.2235
22.2235
22.2235
22.2799
22.2799
22.3553
22.3553
22.3553
22.471
22.5788
22.5788
22.5788
22.5788
22.5788
22.5788
22.5788
22.5788
22.5788
22.5788
22.5788
22.5788
22.5788
22.5788
22.8598
22.9187
22.9187
22.9187
22.9187
22.9187
22.9321
22.9531
22.9531
22.9531
22.9531
22.9531
22.9531
22.9531
23.0516
23.1177
23.1177
23.1177
23.1177
23.1177
23.1177
23.1177
23.1177
23.1177
23.1177
23.1177
23.1177
23.1177
23.1177
23.1177
23.1299
23.1299
23.1299
23.1729
23.1729
23.1729
23.1729
23.1729
23.1729
23.1729
23.1729
23.1729
23.1729
23.1729
23.1729
23.1729
