12.718
13.002
13.0694
13.0694
13.076
13.0856
13.0856
13.0856
13.0856
13.0856
13.0856
13.0856
13.0856
13.0856
13.0856
13.0856
13.0856
13.0856
13.0856
13.0856
13.0856
13.0856
13.0856
13.0856
13.0856
13.0856
13.0856
13.0856
13.0856
13.0856
13.0856
13.0856
13.0856
13.0856
13.0856
13.0856
13.0856
13.0856
13.0856
13.0856
13.0856
13.0856
13.0856
13.0856
13.0856
13.0856
13.0856
13.0856
13.0856
13.0856
13.0856
13.0856
13.0856
13.0856
13.0856
13.0856
13.0856
13.0856
13.0856
13.0856
13.0856
13.0856
13.0856
13.0856
13.0856
13.0856
13.0856
13.0856
13.0856
13.0856
13.0856
13.0856
13.0856
13.0856
13.0856
13.0856
13.0856
13.0856
13.0856
13.0856
13.0856
13.0856
13.0856
13.0856
13.0856
13.0856
13.0856
13.0856
13.0856
13.0856
13.0856
13.0856
13.0856
13.0856
13.0856
13.0856
13.0856
13.0856
13.0856
13.0856
13.0856
13.0856
13.0856
13.0856
13.0856
13.0856
13.0856
13.0856
13.0856
13.0856
13.0856
13.0856
13.0856
13.0856
13.0856
13.0856
13.0856
13.0856
13.0856
13.0856
13.0856
13.0856
13.0856
13.0856
13.0856
13.0856
13.0856
13.0856
13.0856
13.0856
13.0856
13.0856
13.0856
13.0856
13.0856
13.0856
13.0856
13.0856
13.0856
13.0856
13.0856
13.0856
13.0856
13.0856
13.0856
13.0856
13.0856
13.0856
13.0856
13.0856
