26.7917
26.7847
26.8011
26.786
26.7048
26.7312
26.7392
26.7497
26.702
26.7386
26.6658
26.7011
26.7011
26.7011
26.7095
26.5424
26.5271
26.4925
26.4925
26.5621
26.5614
26.5707
26.6365
26.5946
26.5615
26.5554
26.5554
26.5675
26.5675
26.5675
26.5791
26.5817
26.5817
26.6036
26.6036
26.603
26.603
26.603
26.5971
26.5971
26.5971
26.6396
26.6396
26.6647
26.6647
26.7124
26.7124
26.7124
26.7124
26.7227
26.786
26.8214
26.842
26.8737
26.8737
26.8737
26.9337
26.9474
26.9474
26.975
26.9981
26.9981
26.9981
26.9991
26.9991
26.9991
26.9991
27.1182
27.1182
27.2709
27.2709
27.2709
27.2709
27.2709
27.2709
27.2709
27.2709
27.2713
27.2713
27.2713
27.2713
27.3039
27.3039
27.3039
27.3039
27.3039
27.3039
27.3039
27.3051
27.3345
27.3345
27.3345
27.3345
27.3345
27.3345
27.3345
27.3345
27.3345
27.3909
27.3909
27.4141
27.4472
27.6762
27.6762
27.6762
27.6969
27.6969
27.6969
27.6996
27.6996
27.7076
27.7076
27.7076
27.7076
27.7076
27.7076
27.7076
27.7076
27.7076
27.7076
27.7076
27.7076
27.7076
27.7076
27.7076
27.7097
27.7097
27.7613
27.7712
27.7795
27.7795
27.7798
27.9405
27.9405
27.9656
27.989
27.989
27.989
27.989
27.989
27.989
27.989
27.989
27.989
27.989
27.989
27.989
