27.319
27.319
27.319
27.4288
27.4288
27.4298
27.4822
27.5595
27.5845
27.7192
27.7192
27.8856
28.1831
28.1937
28.1937
28.1937
28.2184
28.3599
28.3599
28.4385
28.4816
28.6049
28.6446
28.6785
28.6785
28.6785
28.6785
28.6785
28.7622
28.7622
28.7622
28.7622
28.7887
28.7887
28.9423
28.9423
28.9423
28.9423
28.9458
28.9874
28.9874
28.9874
29.0131
29.0131
29.0131
29.0131
29.0709
29.083
29.083
29.1621
29.1621
29.1621
29.1621
29.244
29.244
29.244
29.3478
29.3478
29.3478
29.3478
29.3478
29.3478
29.3478
29.4146
29.4146
29.4146
29.4146
29.4343
29.5795
29.5795
29.5795
29.5802
29.5802
29.6238
29.6729
29.6729
29.6739
29.7536
29.756
29.8534
29.8534
29.8534
29.8534
29.8534
29.8534
29.885
29.9738
29.9738
29.9738
29.9738
29.9863
29.9863
29.9863
30.0231
30.0401
30.0401
30.0401
30.0401
30.0401
30.0401
30.1098
30.1098
30.1098
30.1098
30.1098
30.1098
30.1098
30.1098
30.1098
30.1098
30.1098
30.1204
30.1204
30.1204
30.3705
30.3705
30.3705
30.3705
30.3705
30.3705
30.3705
30.3705
30.3705
30.3705
30.3705
30.3705
30.3705
30.3705
30.3705
30.3705
30.3705
30.3705
30.3705
30.3705
30.3705
30.3705
30.3705
30.4177
30.4177
30.4177
30.4177
30.4177
30.4177
30.4177
30.4177
30.4177
30.4177
30.4177
30.4177
30.4177
