10.6974
10.7513
10.7513
10.7684
10.7449
10.7681
10.7397
10.7587
10.6962
10.6853
10.6719
10.6792
10.7006
10.7665
10.7856
10.7196
10.7206
10.713
10.7235
10.7235
10.8144
10.7488
10.7646
10.8203
10.6457
10.7068
10.7131
10.7131
10.7163
10.7107
10.7107
10.7197
10.8422
10.8422
10.8422
10.8468
10.8468
11.0244
11.0457
11.0457
11.1958
11.1983
11.1983
11.1983
11.2028
11.2028
11.2059
11.2059
11.2135
11.2135
11.2135
11.3713
11.3713
11.4125
11.4125
11.4125
11.4125
11.4125
11.4125
11.4125
11.4125
11.4639
11.4639
11.4639
11.4639
11.4639
11.485
11.485
11.4886
11.4886
11.4886
11.4886
11.4886
11.4886
11.4886
11.4886
11.4886
11.4886
11.4886
11.4886
11.4886
11.4886
11.6135
11.6135
11.6135
11.6135
11.6135
11.6135
11.6565
11.6565
11.6565
11.6565
11.8617
11.8617
11.8617
11.8617
11.8617
11.8617
11.8617
11.8617
11.8617
11.8617
11.8617
11.8617
11.8617
11.8617
11.8617
11.8617
11.8617
11.8617
11.8617
11.8617
11.8617
11.8617
11.8617
11.8617
11.8617
11.9132
11.9132
11.9132
11.9132
11.9132
11.9132
11.9132
11.9132
11.9132
11.9132
12.0284
12.0284
12.0284
12.0284
12.0284
12.0284
12.0284
12.0284
12.0284
12.0284
12.0284
12.0284
12.0284
12.0284
12.0284
12.0284
12.0284
12.0284
12.0284
12.0284
