24.81
25.4436
25.5277
25.5277
25.5499
25.5684
25.5684
25.5684
25.5684
25.5684
25.5882
25.5882
25.5882
25.5882
25.5882
25.5882
25.5882
25.5882
25.5882
25.5882
25.5882
25.5882
25.5882
25.5882
25.5882
25.5882
25.5882
25.5882
25.5908
25.5908
25.5908
25.5908
25.5908
25.5908
25.5908
25.5908
25.5908
25.5908
25.5908
25.5908
25.5908
25.5908
25.5908
25.5908
25.5908
25.5908
25.5908
25.5908
25.5908
25.6184
25.6184
25.6184
25.6184
25.6184
25.6184
25.6184
25.6184
25.6184
25.6184
25.6184
25.6184
25.6184
25.6184
25.6184
25.6184
25.6184
25.6184
25.6184
25.6184
25.6184
25.6184
25.6184
25.6184
25.6184
25.6184
25.6184
25.6184
25.6184
25.6184
25.6184
25.6184
25.6184
25.6184
25.6184
25.6184
25.6184
25.6184
25.6184
25.6184
25.6184
25.6184
25.6184
25.6184
25.6184
25.6184
25.6184
25.6184
25.6184
25.6184
25.6184
25.6184
25.6184
25.6184
25.625
25.625
25.625
25.625
25.625
25.625
25.625
25.625
25.625
25.625
25.625
25.625
25.625
25.625
25.625
25.625
25.625
25.625
25.625
25.625
25.625
25.625
25.625
25.625
25.625
25.625
25.625
25.625
25.625
25.625
25.625
25.625
25.625
25.625
25.625
25.625
25.625
25.625
25.625
25.625
25.625
25.625
25.625
25.625
25.625
25.625
25.625
