11.2108
11.2108
11.2206
11.3528
11.3528
11.3916
11.3916
11.4256
11.4256
11.4524
11.6304
11.6304
11.6304
11.6304
11.6552
11.6552
11.8088
11.8088
11.8088
11.8145
11.8496
11.9613
11.9613
11.9613
11.976
11.976
12.0491
12.0925
12.0925
12.0925
12.0925
12.0925
12.1788
12.1788
12.1788
12.1788
12.1788
12.1788
12.1788
12.1788
12.1788
12.1788
12.1788
12.1788
12.1788
12.1788
12.1788
12.1788
12.1788
12.1788
12.185
12.185
12.2437
12.2437
12.2499
12.2499
12.2499
12.2499
12.2499
12.2499
12.2676
12.2676
12.2676
12.2676
12.2676
12.2676
12.2676
12.2676
12.2676
12.2676
12.2676
12.2676
12.2676
12.2676
12.2676
12.2676
12.2676
12.2676
12.2676
12.2702
12.2702
12.2702
12.2702
12.2702
12.2702
12.3391
12.3391
12.3391
12.3391
12.3391
12.3391
12.3391
12.3391
12.3391
12.3391
12.3739
12.3739
12.3739
12.3739
12.3739
12.3739
12.481
12.481
12.481
12.481
12.481
12.481
12.481
12.481
12.481
12.4822
12.4822
12.4822
12.4822
12.4822
12.4822
12.4822
12.4822
12.4822
12.4822
12.4822
12.4822
12.4822
12.4822
12.4822
12.4822
12.4822
12.4822
12.4822
12.4822
12.4822
12.4822
12.4822
12.4822
12.4822
12.4822
12.4822
12.4822
12.4822
12.4822
12.4822
12.4822
12.4822
12.4822
12.4822
12.4822
12.4822
12.4822
12.4822
12.4822
