6.44722
6.57338
6.59297
6.64815
6.64815
6.64815
6.64815
6.64815
6.64815
6.64815
6.64815
6.64815
6.64815
6.64815
6.64815
6.64815
6.64815
6.64815
6.64815
6.64815
6.64815
6.64815
6.64815
6.64815
6.64815
6.64815
6.64815
6.64815
6.64815
6.64815
6.64815
6.64815
6.64815
6.64815
6.64815
6.64815
6.64815
6.64815
6.64815
6.64815
6.64815
6.64815
6.64815
6.64815
6.64815
6.64815
6.64815
6.64815
6.64815
6.64815
6.64815
6.64815
6.64815
6.64815
6.64815
6.64815
6.64815
6.64949
6.64949
6.64949
6.64949
6.64949
6.64949
6.64949
6.64949
6.64949
6.64949
6.64949
6.64949
6.64949
6.64949
6.64949
6.64949
6.64949
6.64949
6.64949
6.64949
6.64949
6.64949
6.64949
6.64949
6.64949
6.64949
6.64949
6.64949
6.64949
6.64949
6.64949
6.64949
6.64949
6.64949
6.64949
6.64949
6.64949
6.64949
6.64949
6.64949
6.64949
6.64949
6.64949
6.64949
6.64949
6.64949
6.64949
6.64949
6.64949
6.64949
6.64949
6.64949
6.64949
6.64949
6.64949
6.64949
6.64949
6.64949
6.64949
6.64949
6.64949
6.64949
6.64949
6.64949
6.64949
6.64949
6.64949
6.64949
6.64949
6.64949
6.64949
6.64949
6.64949
6.64949
6.64949
6.64949
6.64949
6.64949
6.64949
6.64949
6.64949
6.64949
6.64949
6.64949
6.64949
6.64949
6.64949
6.64949
6.64949
6.64949
6.64949
6.64949
6.64949
