13.1593
13.2028
13.4306
13.4306
13.5647
13.5647
13.6394
13.8063
13.8063
13.8063
13.8063
13.8063
13.8063
13.8063
13.8063
13.8212
13.8212
13.8212
13.8212
13.8212
13.8212
13.8212
13.8212
13.8212
13.8212
13.8212
13.8212
13.8212
13.8212
13.8212
13.8212
13.8313
13.8348
13.8348
13.8348
13.8348
13.8348
13.8371
13.8371
13.8441
13.8441
13.8507
13.8507
13.8612
13.8948
13.9033
13.9033
13.9033
13.9132
13.9132
13.9507
13.9552
13.9552
13.9552
13.9552
13.9552
13.9552
13.9552
13.9552
13.9552
13.9552
13.9552
13.9552
13.9552
13.9552
13.9552
13.9552
13.9552
13.9552
13.9552
13.9552
13.9552
13.9552
13.9552
13.9552
13.9552
13.9552
13.9552
13.9552
13.9552
13.9552
13.9552
13.9552
13.9828
13.9828
13.9828
13.9998
13.9998
13.9998
13.9998
14.0154
14.0154
14.0154
14.0154
14.0154
14.0154
14.0154
14.0154
14.0154
14.0154
14.0154
14.0154
14.0154
14.0154
14.0154
14.0154
14.0154
14.0154
14.0154
14.0154
14.0154
14.0154
14.0265
14.0265
14.0265
14.0265
14.0265
14.0265
14.0265
14.0265
14.0265
14.0265
14.0265
14.0265
14.0265
14.0265
14.0265
14.0265
14.0265
14.0265
14.0265
14.0265
14.0265
14.0265
14.0265
14.0265
14.0265
14.0265
14.0265
14.0265
14.0265
14.0265
14.0265
14.0265
14.0265
14.0265
14.0265
14.0265
14.0265
14.0265
