32.7091
32.8574
32.8898
33.0171
33.1131
33.1601
33.2305
33.4065
33.4065
33.4942
33.6868
33.6868
33.6961
33.6961
33.7143
33.8036
33.8669
33.9319
33.9319
33.9702
33.9702
33.9817
34.0138
34.0138
34.1796
34.1796
34.1796
34.1796
34.1796
34.1796
34.2001
34.2001
34.3405
34.3405
34.3405
34.3405
34.3405
34.3405
34.3405
34.3405
34.3405
34.3405
34.3405
34.3405
34.3405
34.3405
34.3405
34.4098
34.4098
34.4098
34.4098
34.4098
34.4098
34.4098
34.4098
34.4098
34.4098
34.4098
34.4098
34.4098
34.4098
34.44
34.44
34.495
34.495
34.495
34.495
34.495
34.5703
34.5703
34.5703
34.5703
34.5703
34.5703
34.5703
34.5703
34.5857
34.5857
34.5857
34.5857
34.5857
34.5857
34.5857
34.5857
34.5857
34.5857
34.5857
34.5857
34.5857
34.5921
34.6477
34.6477
34.6477
34.6477
34.6477
34.6477
34.6477
34.7315
34.7315
34.7315
34.7315
34.7315
34.7315
34.7315
34.7315
34.7315
34.7315
34.7315
34.7315
34.7315
34.7315
34.7315
34.7315
34.7315
34.7315
34.7315
34.7315
34.7315
34.7315
34.7315
34.7315
34.7315
34.7315
34.7315
34.7315
34.7315
34.7315
34.7315
34.7315
34.7315
34.7315
34.7315
34.7315
34.7315
34.7315
34.7315
34.7315
34.7315
34.7315
34.7315
34.7429
34.7656
34.8044
34.8044
34.8044
34.8044
34.8044
34.8044
34.8063
34.8063
