12.3937
12.2296
12.533
12.5091
12.6483
12.5814
12.7728
12.6329
12.6371
12.6843
12.8167
12.8934
12.9693
12.9751
12.9548
13.0465
13.0538
12.9219
12.9517
12.9517
12.8353
12.7189
12.7786
12.7786
12.7786
12.8695
12.8695
12.8695
12.8695
12.8695
12.8695
12.8695
12.8695
12.8695
12.8695
12.8695
12.8695
12.8695
12.95
12.95
12.95
13.0018
13.0018
13.0018
13.0018
13.0145
13.0145
13.0172
13.0832
13.0832
13.0832
13.0832
13.0832
13.0832
13.0832
13.0832
13.0832
13.1612
13.1697
13.1697
13.1697
13.1697
13.1697
13.1697
13.2437
13.2437
13.2437
13.2671
13.2671
13.3942
13.402
13.4654
13.4654
13.4654
13.4654
13.4963
13.4963
13.5034
13.5034
13.5034
13.5034
13.5282
13.5282
13.5282
13.5282
13.5282
13.5282
13.5282
13.5515
13.5515
13.5515
13.5515
13.5515
13.5515
13.5515
13.6139
13.6139
13.6559
13.6559
13.6559
13.6918
13.6918
13.6918
13.6918
13.6918
13.6918
13.6918
13.6918
13.6918
13.6918
13.6918
13.6918
13.6918
13.6918
13.6918
13.6918
13.7337
13.7337
13.7337
13.7337
13.7337
13.7337
13.7337
13.7337
13.7337
13.7337
13.7337
13.7337
13.7337
13.7337
13.7337
13.7337
13.7337
13.7337
13.7337
13.7337
13.7337
13.7337
13.7337
13.7337
13.7337
13.7337
13.7337
13.7523
13.7523
13.7523
13.7523
