6.73765
6.80936
6.80936
6.82847
6.82847
6.8576
6.86815
6.86815
6.87147
6.91387
6.91387
6.91387
6.91387
6.91387
6.91387
6.91387
6.91387
6.91387
6.97404
6.97404
6.97404
6.97404
6.97404
6.97404
6.97404
6.97404
6.97404
6.97404
6.97404
6.97404
6.97404
6.97404
6.97404
6.97404
6.97404
6.97404
6.97404
6.97404
6.97404
6.97404
6.97404
6.97404
7.02359
7.02359
7.02359
7.02359
7.02359
7.02359
7.02359
7.02359
7.02359
7.02359
7.02359
7.02359
7.02359
7.02359
7.02359
7.02359
7.02359
7.02359
7.02359
7.0275
7.0275
7.0275
7.0275
7.0275
7.0275
7.0275
7.0275
7.0275
7.0275
7.0275
7.0275
7.0275
7.0275
7.0275
7.0275
7.0275
7.0275
7.0275
7.0275
7.0275
7.0275
7.0275
7.0275
7.0275
7.0275
7.0275
7.0275
7.0275
7.0275
7.0275
7.0275
7.0275
7.0275
7.0275
7.0275
7.0275
7.0275
7.0275
7.0275
7.0275
7.0275
7.0275
7.0275
7.0275
7.0275
7.0275
7.0275
7.0275
7.0275
7.0275
7.0275
7.0275
7.0275
7.0275
7.0275
7.0275
7.0275
7.0275
7.0275
7.0275
7.0275
7.0275
7.0275
7.0275
7.0275
7.0275
7.0275
7.0275
7.0275
7.0275
7.0275
7.0275
7.0275
7.0275
7.0275
7.0275
7.0275
7.0275
7.0275
7.0275
7.0275
7.0275
7.0275
7.0275
7.0275
7.0275
7.0275
7.0275
