7.1266
7.1266
7.14631
7.15228
7.16758
7.18337
7.18337
7.18337
7.18337
7.18337
7.18337
7.18337
7.18337
7.18337
7.18337
7.18337
7.18337
7.18337
7.18337
7.18337
7.18337
7.18337
7.18337
7.18337
7.18337
7.18337
7.18337
7.18337
7.18337
7.18337
7.18337
7.18337
7.18337
7.18337
7.18337
7.18337
7.18337
7.18337
7.18337
7.18337
7.18337
7.18337
7.18337
7.18337
7.18337
7.18337
7.18337
7.18337
7.18337
7.18337
7.18337
7.18337
7.18337
7.18337
7.18337
7.18337
7.18337
7.18337
7.18337
7.18337
7.18337
7.18337
7.18337
7.18337
7.18337
7.18337
7.18337
7.18337
7.18337
7.18337
7.18337
7.18337
7.18337
7.18337
7.18337
7.18337
7.18337
7.18337
7.18337
7.18337
7.18337
7.18337
7.18337
7.18337
7.18337
7.18337
7.18337
7.18337
7.18337
7.18337
7.18337
7.18337
7.18337
7.18337
7.18337
7.18337
7.18337
7.18337
7.18337
7.18337
7.18337
7.18337
7.18337
7.18337
7.18337
7.18337
7.18337
7.18337
7.18337
7.18337
7.18337
7.18337
7.18337
7.18337
7.18337
7.18337
7.18337
7.18337
7.18337
7.18337
7.18337
7.18337
7.18337
7.18337
7.18337
7.18337
7.18337
7.18337
7.18337
7.18337
7.18337
7.18337
7.18337
7.18337
7.18337
7.18337
7.18337
7.18337
7.18337
7.18337
7.18337
7.18337
7.18337
7.18337
7.18337
7.18337
7.18337
7.18337
7.18337
7.18337
