26.3375
26.4758
26.5024
26.5293
26.5293
26.7077
26.7611
26.8661
26.8661
26.8736
26.8985
26.9362
26.9369
27.0614
27.0984
27.2027
27.3867
27.3867
27.3867
27.3867
27.3867
27.5124
27.5124
27.5124
27.5124
27.5124
27.5124
27.5124
27.5208
27.5563
27.5563
27.5563
27.5835
27.5835
27.5835
27.5835
27.5835
27.5835
27.5835
27.5835
27.5948
27.5948
27.5948
27.5948
27.5948
27.5948
27.5948
27.5948
27.5948
27.626
27.626
27.626
27.6525
27.6525
27.6525
27.6525
27.6525
27.6525
27.6525
27.6641
27.6641
27.6641
27.7362
27.7362
27.7362
27.7362
27.7362
27.7362
27.7362
27.7362
27.7362
27.7362
27.7362
27.7362
27.7362
27.7362
27.7362
27.7362
27.7362
27.7362
27.7362
27.7362
27.7362
27.7362
27.7362
27.7362
27.7362
27.7362
27.7362
27.7362
27.7362
27.7362
27.7362
27.7362
27.7362
27.7362
27.7362
27.7362
27.7362
27.7362
27.7362
27.7362
27.7362
27.7362
27.7362
27.7362
27.7362
27.7362
27.7362
27.7362
27.7362
27.7362
27.7362
27.7362
27.7362
27.7362
27.7362
27.7362
27.7362
27.7362
27.7362
27.7362
27.7362
27.7362
27.7362
27.7362
27.7457
27.7457
27.7457
27.7457
27.7457
27.7457
27.7457
27.7457
27.7457
27.7457
27.7457
27.7457
27.7457
27.7457
27.7457
27.7457
27.7457
27.7457
27.7457
27.7457
27.7457
27.7457
27.7615
27.7615
