6.39183
6.39035
6.43821
6.35871
6.37646
6.3257
6.2065
6.23265
6.4201
6.4238
6.4238
6.50909
6.56144
6.59047
6.61941
6.57708
6.57708
6.57099
6.57099
6.57099
6.63895
6.63895
6.58166
6.47308
6.58443
6.58443
6.69644
6.69644
6.69644
6.69644
6.73291
6.73291
6.73291
6.73291
6.73291
6.73291
6.73361
6.73361
6.73361
6.73361
6.73361
6.73361
6.73361
6.73361
6.73361
6.73469
6.73469
6.83183
6.83183
6.83183
6.83183
6.83183
6.84706
6.84706
6.84706
6.84706
6.84706
6.84706
6.84706
6.84706
6.84886
6.84886
6.84886
6.84886
6.84886
6.84886
6.8565
6.8565
6.8565
6.90158
6.90158
6.90158
6.90158
6.90158
6.90158
6.90158
6.90158
6.90158
6.90158
6.90158
6.90158
6.90158
6.90158
6.90158
6.90158
6.90158
6.93631
6.93631
6.93631
6.93631
6.93631
6.93631
6.93631
6.93631
6.93631
6.93631
6.93631
6.93631
6.93631
6.93631
6.93631
6.93631
6.93631
6.93631
6.93631
6.93631
6.93631
6.93631
6.94795
6.94795
6.94795
6.94795
6.94795
6.94795
6.94795
6.94795
6.94795
6.94795
6.94795
6.94795
6.94795
6.94795
6.94795
6.94795
6.94795
6.94795
6.94795
6.94795
6.94795
6.95878
6.95878
6.95878
6.95878
6.95878
6.95878
6.95878
7.00863
7.00863
7.00863
7.00863
7.00863
7.00863
7.00863
7.00863
7.00863
7.00863
7.00863
