14.1084
14.2091
14.2091
14.2091
14.2193
14.2214
14.2499
14.2499
14.2499
14.2499
14.2499
14.2499
14.2528
14.2528
14.2528
14.2528
14.2528
14.2528
14.2592
14.2619
14.2619
14.2619
14.2619
14.2619
14.2619
14.2619
14.2619
14.2644
14.2644
14.2644
14.2644
14.2644
14.2644
14.2644
14.2644
14.2644
14.2644
14.2644
14.2644
14.2644
14.2644
14.2644
14.2644
14.2644
14.2644
14.2644
14.2644
14.2644
14.2644
14.2644
14.2644
14.2644
14.2644
14.2644
14.2644
14.2644
14.2644
14.2644
14.2644
14.2644
14.2644
14.2644
14.2644
14.2644
14.2644
14.2644
14.2644
14.2644
14.2644
14.2644
14.2644
14.2644
14.2644
14.2644
14.2644
14.2644
14.2644
14.2644
14.2644
14.2644
14.2644
14.2644
14.2644
14.2644
14.2644
14.2644
14.2644
14.2644
14.2644
14.2644
14.2644
14.2644
14.2644
14.2644
14.2644
14.2644
14.2644
14.2644
14.2644
14.2644
14.2644
14.2644
14.2644
14.2644
14.2644
14.2644
14.2644
14.2644
14.2644
14.2644
14.2644
14.2644
14.2644
14.2644
14.2644
14.2644
14.2644
14.2644
14.2644
14.2644
14.2644
14.2644
14.2644
14.2644
14.2644
14.2644
14.2644
14.2644
14.2644
14.2644
14.2644
14.2644
14.2644
14.2644
14.2644
14.2644
14.2644
14.2644
14.2644
14.2644
14.2644
14.2644
14.2644
14.2644
14.2644
14.2644
14.2644
14.2644
14.2644
14.2644
