10.3211
10.3261
10.3054
10.2934
10.2934
10.2869
10.297
10.3126
10.3474
10.3702
10.3674
10.3684
10.3684
10.3759
10.3651
10.3645
10.3645
10.3439
10.3228
10.3321
10.3537
10.3537
10.3537
10.3638
10.3652
10.3652
10.3691
10.3794
10.3794
10.3794
10.3794
10.3896
10.3896
10.4049
10.4049
10.4049
10.4119
10.4119
10.4119
10.4119
10.4123
10.4123
10.4123
10.4123
10.4123
10.4123
10.4123
10.4123
10.4189
10.4189
10.4189
10.4189
10.4189
10.4189
10.4189
10.4189
10.4189
10.4189
10.4189
10.4189
10.4218
10.4218
10.4218
10.4218
10.4218
10.4218
10.4218
10.4239
10.4239
10.4239
10.4239
10.4239
10.4239
10.4239
10.4239
10.4239
10.4239
10.4241
10.4241
10.4241
10.4351
10.4351
10.4351
10.4351
10.4354
10.4354
10.4354
10.4354
10.4354
10.4354
10.4354
10.4527
10.4578
10.4578
10.4668
10.4668
10.4668
10.4668
10.4668
10.4668
10.4668
10.4668
10.4668
10.4668
10.4769
10.4769
10.4769
10.4769
10.4769
10.4769
10.4769
10.4769
10.4769
10.4769
10.4769
10.4769
10.4769
10.4769
10.4769
10.4769
10.4816
10.4816
10.4816
10.4816
10.4816
10.4816
10.4816
10.492
10.492
10.492
10.4938
10.4938
10.4938
10.4938
10.4938
10.4938
10.4938
10.4938
10.4938
10.4938
10.4938
10.4938
10.4938
10.4938
10.4938
10.4938
10.4938
