20.6994
20.7278
20.7573
20.7578
20.7519
20.731
20.7317
20.7317
20.7189
20.7189
20.7189
20.7395
20.7401
20.738
20.7367
20.7466
20.7466
20.7837
20.7749
20.7858
20.7938
20.7938
20.7938
20.7938
20.7637
20.7485
20.7573
20.7676
20.7363
20.7363
20.757
20.757
20.757
20.757
20.7808
20.7808
20.7808
20.7808
20.7808
20.8108
20.8242
20.8274
20.8274
20.8465
20.8465
20.8465
20.8567
20.8567
20.8567
20.8567
20.8567
20.8567
20.8638
20.8681
20.8681
20.8697
20.8697
20.8697
20.8697
20.8697
20.8697
20.8697
20.8697
20.8697
20.8697
20.8697
20.8697
20.8802
20.8802
20.8802
20.8802
20.8804
20.8804
20.8805
20.8805
20.8805
20.8809
20.8809
20.8809
20.8809
20.8809
20.8809
20.8809
20.8809
20.8809
20.8809
20.8809
20.8809
20.8809
20.8809
20.8809
20.8811
20.8811
20.8811
20.8811
20.8811
20.8811
20.8811
20.8914
20.8914
20.9017
20.9017
20.9017
20.9017
20.9017
20.9017
20.9017
20.9023
20.9059
20.9059
20.9141
20.9242
20.927
20.927
20.927
20.9299
20.9299
20.9299
20.9299
20.9299
20.9299
20.9299
20.9299
20.9299
20.9299
20.9299
20.9299
20.9299
20.9299
20.9299
20.9299
20.9299
20.9299
20.9299
20.9299
20.9393
20.9393
20.9393
20.9393
20.9393
20.9393
20.9393
20.9393
20.9393
20.9393
20.9393
20.9393
