5.18737
5.17784
5.18492
5.17478
5.17156
5.17248
5.18454
5.18693
5.20156
5.20365
5.20944
5.19894
5.18529
5.14773
5.14773
5.14759
5.1236
5.13858
5.14892
5.17625
5.17625
5.18055
5.18552
5.18552
5.18552
5.18663
5.20954
5.22617
5.22617
5.22617
5.21974
5.21974
5.21974
5.21974
5.1998
5.1998
5.1998
5.1998
5.1998
5.1998
5.1998
5.1998
5.1998
5.1998
5.20005
5.20005
5.20361
5.20361
5.21361
5.21364
5.21399
5.21399
5.21399
5.21399
5.21399
5.21399
5.21503
5.21503
5.21503
5.21503
5.22445
5.22445
5.22445
5.22445
5.22445
5.22445
5.22445
5.22445
5.22445
5.22445
5.22445
5.22445
5.22445
5.22975
5.25014
5.25237
5.25237
5.25237
5.2563
5.2563
5.2563
5.2563
5.2563
5.2563
5.2614
5.26578
5.26578
5.26578
5.26578
5.26578
5.26578
5.26578
5.26578
5.26578
5.26578
5.26578
5.26578
5.26578
5.26578
5.26578
5.26578
5.26578
5.26578
5.26578
5.26578
5.26578
5.26578
5.26578
5.26578
5.26585
5.26585
5.26585
5.26585
5.26585
5.26585
5.26585
5.276
5.276
5.276
5.276
5.276
5.276
5.276
5.276
5.276
5.276
5.276
5.27934
5.27934
5.28615
5.28615
5.28621
5.28621
5.28621
5.28621
5.28621
5.28621
5.28621
5.28621
5.28621
5.28621
5.28621
5.28621
5.28621
5.28621
5.28621
5.28621
