5.23383
5.23383
5.23383
5.26498
5.27268
5.27268
5.27268
5.27268
5.27594
5.27594
5.27594
5.27594
5.28307
5.28307
5.28307
5.28307
5.28307
5.28307
5.28307
5.28307
5.28307
5.28307
5.28307
5.28588
5.29167
5.29167
5.29167
5.29167
5.29167
5.29167
5.29167
5.29167
5.29167
5.29167
5.29167
5.29167
5.29167
5.29167
5.29167
5.29167
5.29167
5.29167
5.29167
5.29708
5.29708
5.29708
5.29708
5.29708
5.29708
5.29708
5.29708
5.29708
5.29708
5.29708
5.29708
5.29708
5.29708
5.29708
5.29708
5.29708
5.29708
5.29708
5.29708
5.29708
5.29708
5.29708
5.29708
5.29715
5.29715
5.29715
5.29715
5.29715
5.29715
5.29715
5.29715
5.29715
5.29715
5.29715
5.29715
5.29715
5.29715
5.29715
5.29715
5.29715
5.29715
5.29715
5.29715
5.29715
5.29715
5.29715
5.29715
5.29715
5.29715
5.29715
5.29715
5.29715
5.29715
5.29715
5.29715
5.30036
5.30036
5.30036
5.30036
5.30039
5.30039
5.30039
5.30039
5.30039
5.30039
5.30039
5.30039
5.30039
5.30039
5.30039
5.30039
5.30039
5.30039
5.30039
5.30039
5.30039
5.30039
5.30039
5.30039
5.30039
5.30039
5.30039
5.30039
5.30039
5.30272
5.30272
5.30272
5.30272
5.30272
5.30272
5.30272
5.30272
5.30272
5.30272
5.30272
5.30272
5.30272
5.30272
5.30272
5.30272
5.30272
5.30272
5.30272
5.30272
5.30272
5.30272
