20.7591
20.7591
20.7617
20.7853
20.8429
20.8488
20.864
20.864
20.864
20.8667
20.8715
20.8715
20.8811
20.8825
20.8825
20.8827
20.8827
20.8889
20.8963
20.8963
20.9005
20.9005
20.9005
20.9028
20.9146
20.9146
20.9202
20.929
20.929
20.929
20.929
20.929
20.929
20.929
20.929
20.9313
20.9313
20.9313
20.9461
20.9461
20.9488
20.9488
20.9488
20.9488
20.9588
20.9588
20.9588
20.9588
20.9588
20.9681
20.9681
20.9681
20.9681
20.9681
20.9769
20.9769
20.9769
20.9769
20.9769
20.9769
20.9769
20.988
20.988
20.988
20.988
20.9947
20.9947
20.9949
20.9949
20.9949
20.9949
20.9949
20.9949
20.9949
20.9949
20.9949
20.9949
20.9949
20.9949
20.9949
20.9949
20.9949
20.9949
20.9949
20.9949
20.9949
20.9949
20.9949
20.9949
20.9949
20.9949
20.9949
20.9949
20.9949
20.9949
20.9949
20.9949
20.9949
20.9949
21.0021
21.0021
21.0021
21.0021
21.0021
21.0021
21.0021
21.0021
21.0021
21.0021
21.0021
21.0021
21.0021
21.0021
21.0046
21.0046
21.0046
21.0046
21.0046
21.0046
21.0046
21.0046
21.0046
21.0046
21.0046
21.0046
21.0046
21.0095
21.0095
21.0095
21.0095
21.0153
21.0153
21.0259
21.0259
21.0259
21.0259
21.0259
21.0259
21.0259
21.0259
21.0259
21.0259
21.0259
21.0342
21.0342
21.0342
21.0342
21.0342
21.0342
21.0406
