10.4083
10.4158
10.4158
10.4188
10.4435
10.4455
10.4508
10.4519
10.4688
10.4688
10.4688
10.4766
10.4844
10.4844
10.4844
10.5065
10.5065
10.5065
10.5065
10.5065
10.5065
10.5269
10.5269
10.5269
10.5269
10.5269
10.5269
10.5269
10.5269
10.5269
10.5269
10.5269
10.527
10.527
10.5317
10.5347
10.5347
10.5347
10.5347
10.5347
10.5347
10.5347
10.5348
10.5348
10.5348
10.5348
10.5408
10.5408
10.5408
10.5466
10.5466
10.5466
10.5466
10.5466
10.5466
10.5466
10.5466
10.5466
10.5466
10.5514
10.5514
10.5514
10.5572
10.5572
10.5572
10.5572
10.5572
10.5572
10.5572
10.5572
10.5572
10.5572
10.5572
10.5572
10.5572
10.5572
10.5572
10.5572
10.5572
10.5572
10.5572
10.5572
10.5676
10.5676
10.5676
10.5676
10.5679
10.5679
10.5679
10.5679
10.5679
10.5679
10.5679
10.5747
10.5747
10.5747
10.5747
10.5747
10.5747
10.5747
10.5747
10.5747
10.5747
10.5747
10.5747
10.5747
10.5747
10.5747
10.5747
10.5747
10.5747
10.5747
10.5747
10.5747
10.5747
10.5747
10.5747
10.5747
10.5747
10.5747
10.5747
10.5747
10.5747
10.5747
10.5747
10.5747
10.5747
10.5747
10.5747
10.5747
10.5747
10.5747
10.5747
10.5747
10.5747
10.5747
10.5747
10.5747
10.5747
10.5747
10.5747
10.5747
10.5747
10.5747
10.5747
10.5747
10.5747
10.5747
10.5747
10.5748
