5.25899
5.26617
5.28011
5.30086
5.30386
5.30386
5.30386
5.30386
5.30386
5.30386
5.30386
5.30386
5.30386
5.30386
5.30386
5.30386
5.30386
5.30386
5.30386
5.30386
5.30386
5.30386
5.30386
5.30386
5.30386
5.30386
5.30386
5.30386
5.30386
5.30386
5.30386
5.30386
5.30386
5.30386
5.30386
5.30386
5.31051
5.31051
5.31051
5.31051
5.31051
5.31051
5.31051
5.31051
5.31051
5.31051
5.31051
5.31051
5.31051
5.31051
5.31051
5.31051
5.31051
5.31051
5.31051
5.31051
5.31051
5.31051
5.31051
5.31051
5.31051
5.31051
5.31051
5.31051
5.31051
5.31051
5.31051
5.31105
5.31105
5.31105
5.31105
5.31105
5.31105
5.31105
5.31105
5.31105
5.31105
5.31105
5.31105
5.31105
5.31105
5.31105
5.31105
5.31105
5.31105
5.31105
5.31105
5.31105
5.31105
5.31105
5.31105
5.31105
5.31105
5.31105
5.31286
5.31286
5.31286
5.31286
5.31286
5.31286
5.31286
5.31286
5.31286
5.31749
5.31749
5.31749
5.31749
5.31749
5.31749
5.31749
5.31749
5.31749
5.31749
5.31749
5.31749
5.31749
5.31749
5.31749
5.31749
5.31749
5.31749
5.31749
5.31749
5.32176
5.32176
5.32176
5.32176
5.32176
5.32176
5.32176
5.32176
5.32176
5.32176
5.32176
5.32176
5.32176
5.32176
5.32185
5.32185
5.32185
5.32194
5.32194
5.32194
5.32194
5.32194
5.32205
5.32205
5.32205
5.32205
5.32205
