10.5319
10.5441
10.5478
10.5694
10.5694
10.5694
10.5749
10.5829
10.5829
10.5898
10.5898
10.5898
10.5952
10.5979
10.5979
10.5979
10.6043
10.6043
10.6043
10.6043
10.6043
10.6043
10.6043
10.6043
10.606
10.6094
10.6094
10.6094
10.6094
10.6094
10.6094
10.6104
10.6104
10.6168
10.6168
10.6168
10.6168
10.6168
10.623
10.623
10.623
10.623
10.623
10.623
10.623
10.623
10.623
10.623
10.623
10.623
10.623
10.623
10.623
10.623
10.623
10.623
10.623
10.623
10.623
10.623
10.623
10.623
10.623
10.623
10.623
10.623
10.623
10.623
10.623
10.623
10.623
10.623
10.623
10.623
10.6244
10.6244
10.6244
10.6244
10.6244
10.6244
10.6244
10.6244
10.6244
10.6244
10.6244
10.6244
10.6244
10.6244
10.6244
10.6244
10.6244
10.6244
10.6244
10.6244
10.6244
10.6244
10.6244
10.6244
10.6244
10.6244
10.6244
10.6244
10.6244
10.6244
10.6244
10.6244
10.6244
10.6244
10.6244
10.6244
10.6244
10.6244
10.6244
10.6244
10.6244
10.6244
10.6244
10.6244
10.6244
10.6244
10.6244
10.6244
10.6244
10.6244
10.6244
10.6244
10.6244
10.6244
10.6244
10.6244
10.6244
10.6244
10.6244
10.6244
10.6244
10.6244
10.6244
10.6244
10.6244
10.6244
10.6244
10.6244
10.6244
10.6244
10.6244
10.6244
10.6244
10.6244
10.6244
10.6244
