20.9468
21.0181
21.042
21.057
21.0736
21.086
21.086
21.0896
21.1114
21.1167
21.1167
21.1167
21.1226
21.1226
21.1226
21.1226
21.1226
21.1226
21.1226
21.1226
21.1283
21.1283
21.1283
21.131
21.1391
21.1391
21.1391
21.1391
21.1391
21.1391
21.1391
21.1391
21.1408
21.1453
21.1453
21.1453
21.1453
21.1453
21.1453
21.1453
21.1453
21.1469
21.15
21.15
21.165
21.165
21.165
21.165
21.165
21.165
21.165
21.1666
21.1666
21.1666
21.1666
21.1666
21.1666
21.1704
21.1704
21.1706
21.1706
21.1706
21.1706
21.1706
21.1706
21.1706
21.1706
21.1706
21.1706
21.1706
21.1706
21.1706
21.1706
21.1706
21.1706
21.1706
21.1706
21.1706
21.1794
21.1794
21.1794
21.1794
21.1794
21.1794
21.1794
21.1794
21.1794
21.1794
21.1794
21.1794
21.1794
21.1794
21.1794
21.1794
21.1794
21.1794
21.1794
21.1794
21.1794
21.1794
21.1794
21.1794
21.1795
21.1795
21.1795
21.1795
21.1795
21.1795
21.1795
21.1795
21.1795
21.1795
21.1795
21.1795
21.1795
21.1795
21.1795
21.1795
21.1795
21.1795
21.1795
21.1795
21.1795
21.1795
21.1795
21.1795
21.1795
21.1795
21.1795
21.1797
21.1797
21.1797
21.1797
21.1797
21.1797
21.1797
21.1797
21.1797
21.1797
21.1797
21.1797
21.1797
21.1797
21.1797
21.1797
21.1797
21.1797
21.1797
21.1797
21.1797
