15.991 15.323
15.991 15.323
15.991 15.323
15.991 15.323
15.991 15.323
15.991 15.323
15.991 15.323
15.991 15.323
15.991 15.323
15.991 15.323
15.991 15.323
15.991 15.323
15.991 15.323
15.991 15.323
15.991 15.323
15.991 15.323
15.991 15.323
15.991 15.323
15.991 15.323
15.991 15.323
15.991 15.323
15.991 15.323
15.991 15.323
15.991 15.323
15.991 15.323
15.991 15.323
15.991 15.323
15.991 15.323
15.991 15.323
15.991 15.323
15.991 15.323
15.991 15.323
15.991 15.323
15.991 15.323
15.991 15.323
15.991 15.323
15.997 15.490
15.997 15.490
16.005 15.524
16.005 15.524
16.005 15.524
16.005 15.524
16.005 15.524
16.005 15.524
16.005 15.524
16.005 15.524
16.005 15.524
16.005 15.524
16.005 15.524
16.005 15.524
16.005 15.524
16.005 15.524
16.005 15.524
16.005 15.524
16.005 15.524
16.005 15.524
16.005 15.524
16.005 15.524
16.005 15.524
16.005 15.524
16.005 15.524
16.005 15.524
16.005 15.524
16.005 15.524
16.005 15.524
16.005 15.524
16.005 15.524
16.005 15.524
16.005 15.524
16.072 15.557
16.072 15.557
16.072 15.557
16.072 15.557
16.105 15.573
16.105 15.573
16.105 15.573
16.105 15.573
16.105 15.573
16.105 15.573
16.105 15.573
16.105 15.573
16.105 15.573
16.105 15.573
16.105 15.573
16.105 15.573
16.105 15.573
16.105 15.573
16.105 15.573
16.105 15.573
16.105 15.573
16.105 15.573
16.105 15.573
16.105 15.573
16.105 15.573
16.105 15.573
16.105 15.573
16.105 15.573
16.105 15.573
16.105 15.573
16.105 15.573
