15.976 15.833
16.034 15.894
16.034 15.894
16.034 15.894
16.034 15.894
16.034 15.894
16.078 16.006
16.078 16.006
16.078 16.006
16.078 16.006
16.078 16.006
16.078 16.006
16.078 16.006
16.078 16.006
16.078 16.006
16.078 16.006
16.078 16.006
16.078 16.006
16.078 16.006
16.078 16.006
16.078 16.006
16.078 16.006
16.078 16.006
16.078 16.006
16.090 15.992
16.090 15.992
16.090 15.992
16.090 15.992
16.090 15.992
16.090 15.992
16.090 15.992
16.090 15.992
16.090 15.992
16.090 15.992
16.090 15.992
16.090 15.992
16.090 15.992
16.090 15.992
16.090 15.992
16.090 15.992
16.090 15.992
16.090 15.992
16.090 15.992
16.090 15.992
16.090 15.992
16.090 15.992
16.101 15.982
16.101 15.982
16.101 15.982
16.101 15.982
16.101 15.982
16.101 15.982
16.101 15.982
16.101 15.982
16.101 15.982
16.101 15.982
16.101 15.982
16.101 15.982
16.101 15.982
16.105 15.988
16.105 15.988
16.105 15.988
16.105 15.988
16.105 15.988
16.105 15.988
16.105 15.988
16.105 15.988
16.105 15.988
16.105 15.988
16.105 15.988
16.105 15.988
16.105 15.988
16.105 15.988
16.105 15.988
16.105 15.988
16.105 15.988
16.105 15.988
16.105 15.988
16.105 15.988
16.105 15.988
16.105 15.988
16.105 15.988
16.105 15.988
16.105 15.988
16.105 15.988
16.105 15.988
16.105 15.988
16.105 15.988
16.105 15.988
16.105 15.988
16.105 15.988
16.105 15.988
16.105 15.988
16.105 15.988
16.105 15.988
16.105 15.988
16.105 15.988
16.105 15.988
16.105 15.988
16.105 15.988
