15.618 15.489
15.663 15.486
15.663 15.486
15.663 15.486
15.663 15.486
15.663 15.486
15.663 15.486
15.663 15.486
15.663 15.486
15.663 15.486
15.663 15.486
15.663 15.486
15.663 15.486
15.663 15.486
15.663 15.486
15.663 15.486
15.663 15.486
15.663 15.486
15.663 15.486
15.663 15.486
15.663 15.486
15.663 15.486
15.663 15.486
15.663 15.486
15.663 15.486
15.663 15.486
15.663 15.486
15.665 15.509
15.665 15.509
15.665 15.509
15.665 15.509
15.665 15.509
15.665 15.509
15.665 15.509
15.665 15.509
15.665 15.509
15.665 15.509
15.665 15.509
15.665 15.509
15.665 15.509
15.665 15.509
15.665 15.509
15.665 15.509
15.682 15.540
15.682 15.540
15.682 15.540
15.682 15.540
15.682 15.540
15.682 15.540
15.682 15.540
15.686 15.546
15.686 15.546
15.686 15.546
15.686 15.546
15.686 15.546
15.686 15.546
15.686 15.546
15.686 15.546
15.686 15.546
15.686 15.546
15.686 15.546
15.686 15.546
15.686 15.546
15.686 15.546
15.686 15.546
15.686 15.546
15.686 15.546
15.686 15.546
15.686 15.546
15.686 15.546
15.686 15.546
15.686 15.546
15.686 15.546
15.686 15.546
15.686 15.546
15.686 15.546
15.686 15.546
15.686 15.546
15.686 15.546
15.686 15.546
15.686 15.546
15.686 15.546
15.686 15.546
15.686 15.546
15.686 15.546
15.686 15.546
15.692 15.564
15.692 15.564
15.692 15.564
15.692 15.564
15.692 15.564
15.692 15.564
15.692 15.564
15.692 15.564
15.692 15.564
15.692 15.564
15.692 15.564
15.692 15.564
15.692 15.564
15.692 15.564
