5.56421
5.57006
5.62897
5.71728
5.71728
5.76011
5.76011
5.76319
5.7706
5.7706
5.7706
5.7706
5.7706
5.7706
5.7706
5.7706
5.7706
5.7706
5.7706
5.7706
5.7706
5.7706
5.7706
5.7706
5.7706
5.7706
5.7706
5.77874
5.77874
5.77874
5.77874
5.77874
5.77874
5.77874
5.77874
5.77874
5.77874
5.77874
5.86717
5.86717
5.87324
5.87324
5.87324
5.93184
5.95712
5.95712
5.95712
5.95712
5.9676
5.9676
5.9676
5.9676
5.9676
5.9676
5.9676
5.9676
5.9676
5.9676
5.9676
5.9676
5.9676
5.9676
5.9676
5.9676
5.9676
5.9676
5.9676
5.9676
5.9676
5.9676
5.9676
5.9676
5.9676
5.9676
5.9676
5.9676
5.9676
5.9676
5.9676
5.9676
5.9676
5.9676
5.9676
5.9676
5.9676
5.97244
5.97244
5.97244
5.97244
5.97244
5.97244
5.97244
5.97244
5.97244
5.97244
5.97244
5.97244
5.97244
5.97244
6.05877
6.05877
6.05877
6.05877
6.07921
6.07921
6.07921
6.15727
6.15727
6.15727
6.15727
6.15727
6.15797
6.15797
6.20986
6.20986
6.20986
6.20986
6.20986
6.20986
6.20986
6.20986
6.20986
6.20986
6.20986
6.20986
6.20986
6.20986
6.20986
6.20986
6.20986
6.20986
6.20986
6.20986
6.20986
6.20986
6.20986
6.20986
6.20986
6.20986
6.20986
6.20986
6.20986
6.20986
6.20986
6.20986
6.20986
6.20986
6.20986
6.20986
6.20986
