18.6722
18.8879
18.9043
18.9226
18.9266
18.9319
18.9355
18.9355
18.9355
18.9355
18.9355
18.9355
18.9355
18.9355
18.9355
18.9355
18.9355
18.9355
18.9355
18.9355
18.9355
18.9355
18.9355
18.9355
18.9355
18.9355
18.9355
18.9355
18.9355
18.9355
18.9355
18.9355
18.9355
18.9355
18.9355
18.9355
18.9355
18.9355
18.9355
18.9355
18.9355
18.9355
18.9355
18.9355
18.9355
18.9355
18.9355
18.9355
18.9355
18.9355
18.9355
18.9355
18.9355
18.9355
18.9355
18.9355
18.9355
18.9355
18.9355
18.9355
18.9355
18.9355
18.9355
18.9355
18.9355
18.9355
18.9355
18.9355
18.9355
18.9355
18.9355
18.9355
18.9355
18.9355
18.9355
18.9355
18.9355
18.9355
18.9355
18.9355
18.9355
18.9355
18.9355
18.9355
18.9355
18.9355
18.9355
18.9355
18.9355
18.9355
18.9355
18.9355
18.9355
18.9355
18.9355
18.9355
18.9355
18.9355
18.9355
18.9355
18.9355
18.9355
18.9355
18.9355
18.9355
18.9355
18.9355
18.9355
18.9355
18.9355
18.9355
18.9355
18.9355
18.9355
18.9355
18.9355
18.9355
18.9355
18.9355
18.9355
18.9355
18.9355
18.9355
18.9355
18.9355
18.9355
18.9355
18.9355
18.9355
18.9355
18.9355
18.9355
18.9355
18.9355
18.9355
18.9355
18.9355
18.9355
18.9355
18.9355
18.9355
18.9355
18.9355
18.9355
18.9355
18.9355
18.9355
18.9355
18.9355
18.9355
