10.8388
10.895
10.91
10.9843
11.0114
11.1485
11.1851
11.2123
11.3065
11.3065
11.3065
11.3065
11.3065
11.3065
11.3065
11.322
11.322
11.322
11.322
11.4714
11.4714
11.4714
11.4714
11.5805
11.5805
11.6288
11.6438
11.6438
11.6665
11.6733
11.7228
11.7228
11.7228
11.9529
11.9529
11.9613
11.9801
11.9909
11.9909
11.9909
11.9909
11.9909
11.9909
11.9909
11.9909
11.9909
11.9909
11.9909
11.9909
11.9909
11.9909
11.9909
11.9909
11.9909
11.9909
11.9909
11.9909
11.9909
11.9909
11.9909
11.9909
11.9909
12.0855
12.0855
12.0855
12.0855
12.0855
12.0855
12.0855
12.0855
12.0855
12.0855
12.0855
12.0855
12.0855
12.0855
12.0855
12.0855
12.0855
12.0855
12.0855
12.0855
12.0855
12.0855
12.0855
12.0855
12.0855
12.0855
12.0855
12.0855
12.0855
12.0855
12.0855
12.0855
12.0855
12.0855
12.0855
12.0855
12.0855
12.0855
12.0855
12.0855
12.0855
12.0855
12.0855
12.0855
12.0855
12.0855
12.0855
12.0855
12.0855
12.0855
12.0855
12.0855
12.0855
12.0855
12.0855
12.0855
12.0855
12.0855
12.0855
12.0855
12.0855
12.0868
12.0868
12.0868
12.0868
12.0868
12.0868
12.0868
12.0868
12.0868
12.0868
12.0868
12.0868
12.0868
12.0868
12.0868
12.0868
12.0868
12.0868
12.0868
12.0868
12.0868
12.0868
12.0868
12.0868
12.0868
12.0868
12.0868
