32.3541
32.3482
32.3942
32.2106
32.1757
32.224
32.224
32.3993
32.3807
32.406
32.4184
32.2141
32.2353
32.2957
32.2499
32.2499
32.2499
32.2227
32.1904
32.1647
32.1712
32.1885
32.1903
32.0801
32.0801
32.0775
32.0907
32.0907
32.0907
31.9421
31.9421
31.9421
31.8925
31.8925
31.8925
31.8925
31.9019
31.9261
31.9653
31.9868
32.0427
32.0427
32.0898
32.1405
32.1405
32.1405
32.1696
32.2242
32.2242
32.2242
32.2242
32.2419
32.2419
32.2861
32.3063
32.3063
32.3063
32.5299
32.5491
32.6538
32.7144
32.7144
32.7144
32.749
32.749
32.749
32.749
32.749
32.749
32.749
32.8095
32.8095
32.8095
32.8095
32.8095
32.8095
32.8095
32.8095
32.8095
32.8788
32.9198
32.9198
33.0465
33.0465
33.0465
33.0465
33.0465
33.0726
33.0726
33.1489
33.1937
33.1937
33.2025
33.2025
33.4072
33.4072
33.4072
33.4072
33.4189
33.5734
33.5734
33.5734
33.5734
33.5734
33.5734
33.5734
33.5734
33.5734
33.5734
33.5734
33.5734
33.5734
33.5734
33.5734
33.5734
33.5734
33.5734
33.5734
33.5734
33.6863
33.6863
33.7125
33.7125
33.7125
33.7125
33.7125
33.7125
33.7125
33.7125
33.8236
33.8236
33.8612
33.8612
33.8612
33.8612
33.8612
33.8612
33.8612
33.8612
34.0161
34.0227
34.0227
34.0227
34.0227
34.0357
34.0433
34.0433
