30.3275
30.683
30.7579
30.7579
30.7579
30.7737
30.8206
30.8206
30.8206
30.8206
30.8206
30.8206
30.8206
30.8206
30.8206
30.8206
30.8206
30.8206
30.8206
30.8206
30.8206
30.8206
30.8206
30.8206
30.8206
30.8224
30.8224
30.8224
30.8224
30.8224
30.8224
30.8224
30.8224
30.8224
30.8224
30.8224
30.8224
30.8224
30.8224
30.8224
30.8224
30.8224
30.8224
30.8224
30.8224
30.8224
30.8224
30.8224
30.8224
30.8224
30.8224
30.8224
30.8224
30.8224
30.8224
30.8224
30.8224
30.8224
30.8224
30.8224
30.8224
30.8224
30.8224
30.8224
30.8224
30.8224
30.8224
30.8224
30.8224
30.8224
30.8224
30.8224
30.8224
30.8224
30.8224
30.8224
30.8224
30.8224
30.8224
30.8224
30.8224
30.8497
30.8497
30.8497
30.8497
30.8497
30.8497
30.8497
30.8497
30.8497
30.8497
30.8497
30.8497
30.8497
30.8497
30.8497
30.8497
30.8497
30.8497
30.8497
30.8497
30.8497
30.8497
30.8568
30.8568
30.8568
30.8568
30.8568
30.8568
30.8568
30.8568
30.8568
30.8568
30.8568
30.8568
30.8568
30.8568
30.8568
30.8568
30.8568
30.8568
30.8568
30.8568
30.8568
30.8568
30.8568
30.8568
30.8568
30.8568
30.8568
30.8568
30.8568
30.8568
30.8568
30.8568
30.8568
30.8568
30.8568
30.8568
30.8568
30.8568
30.8568
30.8568
30.8568
30.8568
30.8568
30.8568
30.8568
30.8568
30.8568
