6.34921
6.38475
6.39263
6.40844
6.40844
6.40844
6.40844
6.40844
6.40844
6.40844
6.40844
6.40844
6.40844
6.40844
6.40844
6.40844
6.40844
6.40844
6.40844
6.40844
6.40844
6.40844
6.40844
6.40844
6.40844
6.40844
6.40844
6.40844
6.40844
6.40844
6.40844
6.40844
6.40844
6.40844
6.40844
6.40844
6.40844
6.40844
6.40844
6.40844
6.40844
6.40844
6.40844
6.40844
6.40844
6.40844
6.40844
6.40844
6.40844
6.40844
6.40844
6.40844
6.40844
6.40844
6.40844
6.40844
6.40844
6.40844
6.40844
6.40844
6.40844
6.40844
6.40844
6.40844
6.40844
6.40844
6.40844
6.40844
6.40844
6.40844
6.40844
6.40844
6.40844
6.40844
6.40844
6.40844
6.40844
6.40844
6.40844
6.40844
6.40844
6.40844
6.40844
6.40844
6.40844
6.40844
6.40844
6.40844
6.40844
6.40844
6.40844
6.40844
6.40844
6.40844
6.40844
6.40844
6.40844
6.40844
6.40844
6.40844
6.40844
6.40844
6.40844
6.40844
6.40844
6.40844
6.40844
6.40844
6.40844
6.40844
6.40844
6.40844
6.40844
6.40844
6.40844
6.40844
6.40844
6.40844
6.40844
6.40844
6.40844
6.40844
6.40844
6.40844
6.40844
6.40844
6.40844
6.40844
6.40844
6.40844
6.40844
6.40844
6.40844
6.40844
6.40844
6.40844
6.40844
6.40844
6.40844
6.40844
6.40844
6.40844
6.40844
6.40844
6.40844
6.40844
6.40844
6.40844
6.40844
6.40844
