36.092
36.3245
36.4153
36.4153
36.4153
36.4153
36.4153
36.4153
36.4153
36.4153
36.4153
36.4153
36.4153
36.4153
36.4153
36.4153
36.4153
36.4546
36.4546
36.4546
36.4546
36.4546
36.4546
36.4546
36.4546
36.4546
36.4546
36.4546
36.4546
36.4546
36.4546
36.4546
36.4546
36.4546
36.4546
36.4546
36.4546
36.4546
36.4546
36.4546
36.4546
36.4546
36.4546
36.4546
36.4546
36.4546
36.4546
36.4546
36.4546
36.4546
36.4546
36.4546
36.4546
36.4546
36.4546
36.4546
36.4546
36.4546
36.4546
36.4546
36.4546
36.4546
36.4546
36.4546
36.4546
36.4546
36.4546
36.4546
36.4546
36.4546
36.4546
36.4546
36.4546
36.4546
36.4763
36.4763
36.4763
36.4763
36.4763
36.4763
36.4763
36.4763
36.4763
36.4763
36.4763
36.4763
36.4763
36.4763
36.4763
36.4763
36.4763
36.4763
36.4763
36.4763
36.4763
36.4763
36.4763
36.4763
36.4763
36.4763
36.4763
36.4763
36.4763
36.4763
36.4763
36.4763
36.4763
36.4763
36.4763
36.4763
36.4763
36.4763
36.4763
36.4763
36.4763
36.4763
36.4763
36.4763
36.4763
36.4763
36.4763
36.4763
36.4763
36.4763
36.4763
36.4763
36.4763
36.4763
36.4763
36.4763
36.4763
36.4763
36.4763
36.4763
36.4763
36.4763
36.4763
36.4763
36.4763
36.4763
36.4763
36.4763
36.4763
36.4763
36.4763
36.4763
36.4763
36.4763
36.4763
36.4763
