21.3011
21.2961
21.3276
21.2844
21.2844
21.3321
21.2624
21.2678
21.2563
21.2563
21.2176
21.1097
21.1087
21.1953
21.1661
21.2184
21.2184
21.1783
21.0748
21.0748
21.0645
21.073
21.0807
21.0807
21.2208
21.2464
21.2464
21.2961
21.3223
21.3482
21.3499
21.3499
21.3777
21.3777
21.3777
21.6078
21.6335
21.7552
21.7552
21.7843
21.7843
21.8276
21.8343
21.8343
21.8343
21.9075
21.9844
22.0511
22.0511
22.0511
22.0879
22.0879
22.0879
22.0879
22.1286
22.1286
22.1286
22.1286
22.1286
22.1286
22.1336
22.1336
22.2224
22.2224
22.2224
22.2224
22.2427
22.2427
22.2427
22.2427
22.2427
22.327
22.327
22.327
22.327
22.327
22.327
22.327
22.4073
22.4073
22.4128
22.4128
22.4128
22.4128
22.4749
22.5645
22.626
22.626
22.626
22.626
22.626
22.6465
22.6465
22.6465
22.6465
22.6465
22.6465
22.6465
22.6586
22.6586
22.6586
22.6586
22.6586
22.6586
22.6586
22.7772
22.7772
22.799
22.799
22.799
22.799
22.799
22.799
22.799
22.799
22.799
22.799
22.799
22.799
22.799
22.799
22.799
22.799
22.799
22.799
22.8047
22.8047
22.8047
22.8047
22.8047
22.8047
22.8047
22.8047
22.8047
22.8047
22.8047
22.8047
22.8047
22.8047
22.8047
22.8047
22.8047
22.8047
22.8047
22.8047
22.8047
22.8047
