10.6791
10.7307
10.7565
10.8092
10.7626
10.7618
10.7546
10.7984
10.7496
10.8559
10.7043
10.7052
10.7366
10.6995
10.7422
10.7852
10.7708
10.7708
10.7881
10.7745
10.7445
10.7779
10.8331
10.8184
10.8022
10.7945
10.8007
10.8251
10.8251
10.8251
10.8532
10.7849
10.7849
10.8061
10.8061
10.8325
10.8325
10.8325
10.8442
10.8841
10.8841
10.9457
10.9457
10.9457
10.9457
10.9457
10.9457
10.9457
10.9457
10.9457
10.9457
10.9457
10.9895
10.9895
10.9895
10.9895
10.9895
10.9895
10.9895
11.0627
11.0627
11.0627
11.0627
11.0627
11.0627
11.1414
11.1414
11.1414
11.4088
11.4088
11.424
11.424
11.424
11.424
11.424
11.5575
11.5575
11.5575
11.5575
11.5575
11.5575
11.5575
11.5575
11.5575
11.5575
11.5575
11.5575
11.5575
11.622
11.622
11.622
11.622
11.622
11.622
11.622
11.622
11.622
11.622
11.622
11.622
11.622
11.622
11.622
11.6734
11.6734
11.6734
11.6734
11.6734
11.6734
11.6734
11.6734
11.6734
11.6734
11.6734
11.6734
11.6734
11.6825
11.6825
11.6825
11.8549
11.8549
11.8549
11.8549
11.8549
11.8549
11.8549
11.8549
11.8549
11.8549
11.8549
11.8549
11.8549
11.8549
11.8549
11.871
11.871
11.871
11.871
11.871
11.871
11.871
11.871
11.871
11.871
11.871
11.871
11.871
