24.2718
24.566
24.566
24.6291
24.6291
24.6291
24.6291
24.6291
24.6291
24.6291
24.6291
24.6291
24.6291
24.6291
24.6291
24.6291
24.6291
24.6291
24.6291
24.6291
24.6291
24.6291
24.6291
24.6291
24.6291
24.6291
24.6291
24.6291
24.6291
24.6291
24.6291
24.6291
24.6291
24.6291
24.6291
24.6291
24.6291
24.6291
24.6291
24.6291
24.6291
24.6291
24.6291
24.6291
24.6291
24.6291
24.6291
24.6291
24.6291
24.6291
24.6291
24.6291
24.6291
24.6291
24.6291
24.6291
24.6291
24.6291
24.6291
24.6291
24.6291
24.6291
24.6291
24.6291
24.6291
24.6291
24.6291
24.6291
24.6291
24.6291
24.6291
24.6291
24.6291
24.6291
24.6291
24.6291
24.6291
24.6291
24.6291
24.6291
24.6291
24.6291
24.6291
24.6291
24.6291
24.6291
24.6291
24.6291
24.6291
24.6291
24.6291
24.6291
24.6291
24.6291
24.6291
24.6291
24.6291
24.6291
24.6291
24.6291
24.6291
24.6291
24.6291
24.6291
24.6291
24.6291
24.6291
24.6291
24.6291
24.6291
24.6291
24.6291
24.6291
24.6291
24.6291
24.6291
24.6291
24.6291
24.6291
24.6291
24.6291
24.6291
24.6291
24.6291
24.6291
24.6291
24.6291
24.6291
24.6291
24.6291
24.6291
24.6291
24.6291
24.6291
24.6291
24.6291
24.6291
24.6291
24.6291
24.6291
24.6291
24.6291
24.6291
24.6291
24.6291
24.6291
24.6291
24.6291
24.6291
24.6291
