12.3915
12.5009
12.5769
12.5769
12.5769
12.5769
12.5769
12.5769
12.5769
12.5769
12.5769
12.5769
12.5769
12.5769
12.5769
12.5769
12.5769
12.5769
12.5769
12.5769
12.5769
12.5769
12.5769
12.5769
12.5769
12.5769
12.5769
12.5769
12.5769
12.5769
12.5769
12.5769
12.5769
12.5769
12.5769
12.5769
12.5769
12.5769
12.5769
12.5769
12.5769
12.5769
12.5769
12.5769
12.5769
12.5769
12.5769
12.5769
12.5769
12.5769
12.5769
12.5769
12.5769
12.5769
12.5769
12.5769
12.5769
12.5769
12.5769
12.5769
12.5769
12.5769
12.5769
12.5769
12.5769
12.5769
12.5769
12.5769
12.5769
12.5769
12.5769
12.5769
12.5769
12.5769
12.5769
12.5769
12.5769
12.5769
12.5769
12.5769
12.5769
12.5769
12.5769
12.5769
12.5769
12.5769
12.5769
12.5769
12.5769
12.5769
12.5769
12.5769
12.5769
12.5769
12.5769
12.5769
12.5769
12.5769
12.5769
12.5769
12.5769
12.5769
12.5769
12.5769
12.5769
12.5769
12.5769
12.5769
12.5769
12.5769
12.5769
12.5769
12.5769
12.5769
12.5769
12.5769
12.5769
12.5769
12.5769
12.5769
12.5769
12.5769
12.5769
12.5769
12.5769
12.5769
12.5769
12.5769
12.5769
12.5769
12.5769
12.5769
12.5769
12.5769
12.5769
12.5769
12.5769
12.5769
12.5769
12.5769
12.5769
12.5769
12.5769
12.5769
12.5769
12.5769
12.5769
12.5769
12.5769
12.5769
