16.486
16.5441
16.6748
16.6748
16.7057
16.7057
16.8138
16.8138
16.9493
16.9493
16.9507
16.9992
16.9992
17.1208
17.1208
17.1208
17.1335
17.1731
17.2637
17.3288
17.366
17.3998
17.3998
17.3998
17.3998
17.4588
17.4588
17.4832
17.4832
17.4832
17.4832
17.4928
17.5182
17.5182
17.5182
17.5691
17.5691
17.5801
17.5935
17.6078
17.6753
17.6753
17.6753
17.6973
17.6976
17.731
17.731
17.731
17.7727
17.7727
17.7786
17.8168
17.8533
17.8533
17.8533
17.8993
17.8993
18.0493
18.0493
18.0493
18.0493
18.0493
18.0798
18.1133
18.1133
18.1133
18.1133
18.1133
18.1133
18.1133
18.1133
18.16
18.2251
18.2251
18.2251
18.2251
18.2251
18.2251
18.2586
18.2586
18.2586
18.2752
18.2752
18.2752
18.2826
18.2826
18.2826
18.2826
18.2826
18.2826
18.2826
18.2826
18.2826
18.2826
18.2826
18.2826
18.2826
18.2826
18.2826
18.2826
18.2826
18.2826
18.2826
18.2826
18.2826
18.2826
18.2826
18.2826
18.2826
18.2826
18.2826
18.2826
18.2826
18.3125
18.3125
18.3125
18.3125
18.3125
18.3125
18.3125
18.3125
18.3125
18.3387
18.3387
18.3387
18.3387
18.3387
18.3387
18.3387
18.3387
18.3387
18.3387
18.3387
18.3387
18.3387
18.3387
18.3387
18.3387
18.3387
18.3387
18.3387
18.3387
18.3387
18.3877
18.3877
18.3877
18.3877
18.3877
18.3877
18.4466
