26.7418
26.7098
26.6929
26.7055
26.8616
26.8515
26.8719
26.8719
26.7613
26.7745
26.9523
26.9249
26.9297
26.9089
27.0862
27.0514
27.079
27.079
27.0945
26.9975
26.8432
26.8253
26.8253
26.7922
26.8331
26.8274
26.829
26.829
26.829
26.829
26.8365
26.8365
26.815
26.8895
26.9394
26.9482
26.9736
26.9736
26.9736
26.9816
26.9816
27.1129
27.1281
27.133
27.2076
27.2076
27.2076
27.2255
27.2255
27.2511
27.2511
27.2511
27.2943
27.321
27.321
27.321
27.4244
27.4588
27.4743
27.4743
27.4743
27.4848
27.4848
27.4848
27.4848
27.4848
27.501
27.501
27.501
27.501
27.501
27.574
27.574
27.5745
27.5745
27.5745
27.5745
27.5745
27.5745
27.5745
27.5745
27.5745
27.5745
27.5894
27.6124
27.6124
27.614
27.614
27.614
27.614
27.754
27.754
27.754
27.754
27.754
27.754
27.8689
27.8689
27.8689
27.9301
27.9301
27.9301
27.9301
27.9301
27.9301
27.9606
27.9606
27.9606
27.9606
27.9614
27.9812
28.0634
28.0634
28.0634
28.0634
28.0634
28.0634
28.0634
28.0634
28.0634
28.0634
28.0634
28.0634
28.1031
28.1031
28.1031
28.1031
28.1031
28.1031
28.1031
28.1521
28.327
28.3326
28.3326
28.3326
28.3326
28.3326
28.354
28.354
28.354
28.354
28.354
28.354
28.354
28.354
28.354
28.357
