32.6977
32.6977
32.6977
32.8835
32.8835
32.9282
32.9995
33.0065
33.2091
33.2091
33.2091
33.2265
33.3605
33.4279
33.4459
33.4459
33.4459
33.4459
33.4459
33.4955
33.6212
33.6212
33.6212
33.6212
33.6212
33.6212
33.6212
33.6548
33.831
33.831
33.831
33.963
33.963
33.963
33.963
33.963
33.963
33.963
33.9926
34.0514
34.0514
34.0703
34.1619
34.1619
34.1619
34.1619
34.2153
34.2526
34.2639
34.2639
34.2639
34.2789
34.4291
34.4415
34.4679
34.4679
34.4679
34.4679
34.4679
34.5051
34.5418
34.5418
34.5418
34.5539
34.6405
34.6405
34.6405
34.6405
34.6405
34.6405
34.6405
34.7319
34.7319
34.7319
34.7319
34.7319
34.7319
34.749
34.749
34.749
34.8425
34.8626
34.8626
34.8626
34.8626
34.8626
34.8626
34.8626
34.8626
34.8626
34.8626
34.8626
34.8626
34.8626
34.8626
34.8626
34.9034
34.9034
34.9034
34.9034
34.9034
34.9034
34.9352
34.9352
35.014
35.0834
35.1829
35.1829
35.1829
35.1829
35.1829
35.1829
35.1829
35.1829
35.1829
35.216
35.216
35.216
35.216
35.2207
35.2207
35.2207
35.2888
35.2888
35.4112
35.4112
35.442
35.442
35.442
35.442
35.442
35.442
35.442
35.442
35.442
35.442
35.442
35.442
35.442
35.442
35.442
35.442
35.442
35.4776
35.4776
35.4776
35.4789
35.5689
35.5689
35.5689
