21.781
21.781
21.8601
21.8601
21.9549
21.9549
21.9802
22.0635
22.0929
22.1668
22.1668
22.2577
22.4392
22.4392
22.4392
22.5476
22.5855
22.6008
22.688
22.688
22.7373
22.7373
22.7373
22.7901
22.7901
22.7901
22.7919
22.7919
22.7919
22.7919
22.7919
22.7919
22.9149
22.9149
22.9149
22.9149
23.0115
23.0115
23.0115
23.0115
23.0115
23.0115
23.0115
23.0115
23.0115
23.0148
23.0148
23.088
23.088
23.088
23.1389
23.1389
23.1389
23.1583
23.2047
23.2047
23.2047
23.2442
23.2442
23.2442
23.2442
23.2442
23.2442
23.2442
23.3396
23.3396
23.4147
23.4147
23.4147
23.4956
23.4956
23.5
23.5
23.5118
23.5118
23.5118
23.5118
23.5118
23.5118
23.5118
23.5118
23.5118
23.5118
23.5118
23.5118
23.5419
23.5419
23.5419
23.5419
23.5625
23.6436
23.6455
23.6455
23.6455
23.6455
23.6455
23.6455
23.6455
23.6455
23.6455
23.6455
23.7198
23.7395
23.7438
23.7438
23.7438
23.7438
23.7438
23.7438
23.7438
23.7438
23.7438
23.7438
23.7438
23.7438
23.8747
23.8958
23.8958
23.8958
23.9265
23.9265
23.9265
23.9265
23.9265
23.9265
23.9306
23.9306
23.9306
23.9306
23.9306
23.9306
23.9306
23.9306
23.9306
23.9306
23.9306
23.9306
23.9306
23.9306
23.9306
23.9306
23.9306
23.9306
23.9306
23.9306
23.9306
23.9306
23.9306
23.9479
23.9479
