27.1492
27.1492
27.2446
27.3332
27.3369
27.3932
27.3932
27.4637
27.562
27.5748
27.7174
27.7174
27.7623
28.0368
28.0368
28.1095
28.1095
28.1095
28.1095
28.1651
28.1854
28.1854
28.1946
28.1946
28.1946
28.2147
28.2697
28.2697
28.3839
28.3839
28.3839
28.415
28.5168
28.5168
28.5682
28.5854
28.5854
28.7415
28.7415
28.7988
28.7988
28.7988
28.7988
28.7988
28.8064
28.8064
28.8294
28.8294
28.8294
28.8924
29.0358
29.0358
29.0358
29.1106
29.1106
29.1106
29.1106
29.1106
29.229
29.229
29.229
29.229
29.229
29.2613
29.2613
29.272
29.272
29.3436
29.3436
29.3436
29.4319
29.4319
29.4915
29.4915
29.4915
29.6155
29.6155
29.6155
29.6155
29.6155
29.6155
29.6155
29.6155
29.6155
29.6225
29.6225
29.6225
29.6225
29.6976
29.7032
29.7239
29.7239
29.7239
29.7239
29.757
29.757
29.757
29.8026
29.8197
29.8197
29.8197
29.8197
29.8197
29.8222
29.8222
29.8835
29.8835
29.8835
29.8853
29.8859
29.9229
29.9229
29.9229
29.9229
29.9253
29.9253
29.9253
29.9253
29.9572
29.9572
29.9669
29.9669
29.9669
29.9821
29.9821
29.9821
29.9821
29.9821
29.9908
29.9908
29.9908
29.9949
29.9949
30.0208
30.0208
30.0208
30.0208
30.0208
30.0208
30.0208
30.0208
30.0221
30.0221
30.0221
30.0221
30.0221
30.0221
30.0221
30.0221
30.0221
