16.0468
15.8533
15.7791
15.7644
15.893
15.8963
15.7533
15.9062
15.9185
15.931
15.9887
16.1692
16.1654
16.2124
16.2945
16.2837
16.3165
16.3165
16.3099
16.3019
16.2767
16.3207
16.3207
16.3239
16.3239
16.3
16.339
16.3892
16.3892
16.3839
16.3839
16.3839
16.3839
16.3839
16.3839
16.3839
16.3839
16.3839
16.3839
16.445
16.445
16.445
16.445
16.445
16.445
16.4669
16.4669
16.4669
16.4742
16.4742
16.4742
16.5299
16.5299
16.5514
16.5633
16.5633
16.5633
16.5633
16.5633
16.5633
16.5633
16.5758
16.618
16.618
16.6736
16.6736
16.6736
16.6736
16.6766
16.6766
16.7042
16.8709
16.8709
16.8973
16.8973
16.8973
16.9198
16.9198
17.1035
17.1035
17.1035
17.1035
17.1042
17.2886
17.3105
17.3105
17.3105
17.3105
17.3105
17.3105
17.3105
17.3105
17.3105
17.3105
17.3105
17.3123
17.3496
17.3696
17.3696
17.3696
17.3696
17.3696
17.3724
17.3724
17.3724
17.3724
17.3724
17.3724
17.3724
17.3724
17.3724
17.3724
17.3724
17.3724
17.3724
17.3724
17.3724
17.3724
17.3874
17.3874
17.3874
17.3874
17.3874
17.3874
17.3874
17.3874
17.3874
17.3874
17.3874
17.3874
17.3874
17.3897
17.3897
17.3897
17.3897
17.3897
17.3897
17.3897
17.3897
17.3897
17.3897
17.4132
17.4132
17.4132
17.4132
17.4132
17.4132
