5.48121
5.4507
5.33775
5.26626
5.2763
5.45241
5.45241
5.4533
5.58935
5.58935
5.59079
5.59072
5.44442
5.44442
5.258
5.258
5.23096
5.26277
5.2792
5.3022
5.3015
5.27568
5.27568
5.27568
5.27568
5.41614
5.41677
5.4339
5.43676
5.43676
5.47723
5.47723
5.47723
5.50729
5.50729
5.50729
5.50729
5.50729
5.50729
5.50729
5.50729
5.50729
5.50729
5.50729
5.60181
5.64393
5.64393
5.64635
5.66034
5.66321
5.66321
5.66321
5.66321
5.66321
5.66321
5.66321
5.66321
5.66321
5.66321
5.66321
5.66321
5.66321
5.66321
5.71098
5.71098
5.71098
5.71098
5.71098
5.71098
5.71098
5.71098
5.71098
5.71098
5.71098
5.71098
5.71098
5.71098
5.71098
5.71098
5.71098
5.71098
5.71098
5.71098
5.71098
5.71333
5.71333
5.71333
5.71333
5.71333
5.71333
5.71333
5.71333
5.71333
5.81032
5.81032
5.81032
5.81032
5.81032
5.81032
5.81032
5.81032
5.81032
5.81032
5.81032
5.81571
5.81571
5.81571
5.81571
5.81571
5.81571
5.89248
5.89248
5.89248
5.96802
5.96802
6.15443
6.15443
6.15443
6.15443
6.15443
6.15443
6.15443
6.15443
6.15443
6.15443
6.15443
6.15443
6.15443
6.15443
6.15443
6.15443
6.15443
6.15443
6.15443
6.15443
6.15443
6.15443
6.15443
6.23619
6.23619
6.23619
6.23619
6.23619
6.23619
6.23619
6.23619
6.23619
