11.5536
11.6154
11.6372
11.7161
11.7686
11.7686
11.7686
11.8063
11.8107
11.8556
11.8556
11.8661
11.8661
11.8834
11.8834
11.8834
11.8883
11.8883
11.8883
11.8922
11.8922
11.9095
11.9095
11.9095
11.9095
11.9095
11.9095
11.9095
11.9095
11.9095
11.9095
11.9095
11.9095
11.9095
11.9095
11.9095
11.9095
11.9095
11.9095
11.9095
11.9095
11.9095
11.9095
11.9095
11.9095
11.9095
11.9095
11.9095
11.9095
11.9095
11.9095
11.9095
11.9095
11.9095
11.9095
11.9095
11.9095
11.9095
11.9095
11.9095
11.9095
11.9095
11.9095
11.9095
11.9095
11.9095
11.9095
11.9095
11.9095
11.9095
11.9095
11.9095
11.9095
11.9095
11.9095
11.9095
11.9095
11.9095
11.9095
11.9095
11.9095
11.9095
11.9095
11.9095
11.9095
11.9095
11.9095
11.9095
11.9095
11.9095
11.9095
11.9095
11.9095
11.9095
11.9095
11.9095
11.9095
11.9095
11.9095
11.9095
11.9095
11.9095
11.9095
11.9095
11.9095
11.9095
11.9224
11.9224
11.9224
11.9224
11.9224
11.9224
11.9224
11.9224
11.9224
11.9224
11.9224
11.9224
11.9224
11.9224
11.9224
11.9224
11.9224
11.9224
11.9308
11.9308
11.9308
11.9308
11.9308
11.9308
11.9308
11.9308
11.9308
11.9308
11.9308
11.9308
11.9362
11.9362
11.9362
11.9362
11.9362
11.9362
11.9362
11.9362
11.9362
11.9362
11.9362
11.9362
11.9362
11.9362
