29.6847
29.8113
29.8113
29.8113
29.812
29.812
29.812
29.812
29.812
29.812
29.8359
29.8359
29.8359
29.8359
29.8359
29.8359
29.8359
29.8359
29.8374
29.8374
29.8374
29.8399
29.862
29.862
29.8664
29.8664
29.8664
29.8664
29.8664
29.8664
29.8664
29.8664
29.8664
29.8664
29.8664
29.8664
29.8664
29.8664
29.8664
29.8664
29.8664
29.8664
29.8664
29.8664
29.8664
29.8664
29.8664
29.8664
29.8664
29.8664
29.8664
29.8664
29.8664
29.8664
29.8664
29.8664
29.8664
29.8664
29.8664
29.8664
29.8664
29.8664
29.8664
29.8664
29.8664
29.8664
29.8668
29.8668
29.8668
29.8668
29.8668
29.8668
29.8668
29.8668
29.8668
29.8668
29.8668
29.8668
29.8668
29.8668
29.8668
29.8668
29.8668
29.8668
29.8668
29.8668
29.8668
29.8668
29.8668
29.8668
29.8668
29.8668
29.8668
29.8668
29.8668
29.8668
29.8668
29.8668
29.8668
29.8668
29.8668
29.8668
29.8668
29.8668
29.8668
29.8668
29.8668
29.8668
29.8668
29.8668
29.8668
29.8668
29.8668
29.8668
29.8668
29.8668
29.8668
29.8668
29.8668
29.8668
29.8668
29.8668
29.8668
29.8668
29.8668
29.8668
29.8734
29.8734
29.8734
29.8734
29.8734
29.8734
29.8734
29.8734
29.8734
29.8734
29.8734
29.8734
29.8734
29.8734
29.8734
29.8734
29.8734
29.8734
29.8734
29.8734
29.8734
29.8789
29.8789
29.8789
