11.4764
11.48
11.4616
11.4252
11.4601
11.5084
11.5015
11.474
11.4511
11.4772
11.5539
11.5183
11.5098
11.5376
11.5331
11.5331
11.5494
11.5329
11.5372
11.5372
11.4663
11.4663
11.4818
11.4818
11.4818
11.5569
11.5569
11.5569
11.5569
11.5569
11.5979
11.5979
11.5979
11.5979
11.6449
11.6532
11.6532
11.6532
11.6532
11.6553
11.6553
11.6553
11.6553
11.6553
11.6553
11.6553
11.7025
11.7025
11.7278
11.7278
11.7278
11.7394
11.7394
11.7394
11.7394
11.7394
11.7394
11.7394
11.7394
11.7394
11.7394
11.7394
11.7394
11.7394
11.7394
11.7394
11.7394
11.7394
11.7394
11.7394
11.7394
11.7394
11.7394
11.7394
11.764
11.764
11.764
11.764
11.764
11.764
11.7754
11.7754
11.7754
11.7874
11.7874
11.7874
11.7874
11.7874
11.7874
11.7944
11.7944
11.7944
11.7944
11.7944
11.7944
11.7944
11.7944
11.7944
11.7944
11.7944
11.7944
11.7944
11.7944
11.7944
11.7944
11.8505
11.8505
11.8505
11.8505
11.8505
11.8505
11.8505
11.8505
11.8505
11.8505
11.8505
11.8505
11.8505
11.8505
11.8505
11.8505
11.8505
11.8505
11.8505
11.8505
11.8505
11.8505
11.8789
11.8789
11.8789
11.8789
11.8789
11.8789
11.8789
11.8789
11.8789
11.8789
11.8789
11.8789
11.8789
11.8789
11.8789
11.8789
11.8789
11.8789
11.9038
11.9038
