33.6833
33.6908
33.6804
33.6456
33.6763
33.6569
33.6888
33.6888
33.7044
33.7193
33.7728
33.8317
33.9334
33.9224
33.9373
33.9515
33.8088
33.8088
33.8088
33.8088
33.8502
33.7704
33.818
33.9376
33.9074
33.9781
34.0358
34.066
34.0707
34.0766
34.155
34.0852
34.0857
34.1303
34.1303
34.1303
34.1308
34.1308
34.0962
34.0962
34.1252
34.1252
34.1306
34.1306
34.159
34.18
34.18
34.1876
34.2068
34.2068
34.2068
34.2068
34.2381
34.254
34.263
34.263
34.2907
34.2907
34.3098
34.3119
34.3119
34.3119
34.3169
34.3169
34.3169
34.3169
34.3169
34.3169
34.3225
34.3225
34.3225
34.3225
34.3763
34.3763
34.3763
34.3763
34.4223
34.4223
34.4223
34.4318
34.4318
34.4318
34.4318
34.432
34.5053
34.5053
34.5053
34.5053
34.5053
34.5053
34.5053
34.5053
34.5324
34.5324
34.5484
34.5484
34.5646
34.5646
34.5646
34.5646
34.586
34.6297
34.6297
34.6297
34.6297
34.6469
34.6469
34.6469
34.6469
34.6469
34.6716
34.6716
34.6716
34.6853
34.7279
34.7279
34.7279
34.7279
34.7449
34.7449
34.7449
34.7605
34.7605
34.79
34.7989
34.7989
34.7989
34.7989
34.7989
34.8203
34.8369
34.8369
34.8369
34.8369
34.8369
34.8369
34.8369
34.8369
34.8922
34.8922
34.8922
34.8922
34.8922
34.8922
34.8922
34.8939
34.8939
