28.5985
28.6058
28.6058
28.7162
28.7162
28.7427
28.7787
28.7787
28.8074
28.914
28.914
28.9643
28.9659
28.9845
29.0627
29.0627
29.0627
29.0928
29.0928
29.0928
29.0928
29.1338
29.1338
29.1457
29.1494
29.1768
29.1768
29.2354
29.2354
29.2354
29.2354
29.2354
29.2688
29.2688
29.2894
29.2894
29.2984
29.2984
29.2984
29.2984
29.3029
29.3229
29.3385
29.3385
29.3385
29.3385
29.3719
29.3719
29.3901
29.3901
29.4036
29.4036
29.4036
29.4124
29.4124
29.4124
29.4124
29.4124
29.4124
29.4124
29.4267
29.4267
29.428
29.428
29.428
29.4322
29.4322
29.4586
29.4715
29.4715
29.4715
29.4715
29.4715
29.4715
29.4883
29.4883
29.4919
29.4919
29.4919
29.4936
29.4936
29.4936
29.4998
29.4998
29.4998
29.4998
29.4998
29.4998
29.4998
29.4998
29.4998
29.4998
29.4998
29.4998
29.4998
29.4998
29.4998
29.4998
29.4998
29.4998
29.5055
29.5055
29.5055
29.5055
29.5055
29.5055
29.5055
29.5055
29.5112
29.5112
29.5112
29.5112
29.5112
29.5112
29.5112
29.5112
29.5112
29.5112
29.5112
29.5112
29.5112
29.5112
29.5112
29.5112
29.5112
29.5112
29.5112
29.5309
29.5309
29.5309
29.5309
29.5309
29.5309
29.5309
29.5309
29.5309
29.5309
29.5309
29.5309
29.5309
29.5309
29.5309
29.5309
29.5309
29.5462
29.5462
29.5462
29.5462
29.5462
29.5462
