22.6334
22.5904
22.5683
22.5626
22.654
22.6084
22.5833
22.5833
22.6157
22.5837
22.5979
22.6679
22.6679
22.6698
22.7215
22.7347
22.7122
22.7289
22.8119
22.8686
22.8335
22.8335
22.8229
22.8718
22.8551
22.8806
22.946
22.9502
22.9755
22.9755
22.9755
22.9794
22.9794
23.008
23.008
23.008
23.008
23.008
23.1084
23.1084
23.1084
23.1084
23.1084
23.1084
23.1227
23.1227
23.1227
23.1383
23.1383
23.1383
23.1383
23.1544
23.1544
23.1653
23.1653
23.1653
23.1653
23.1873
23.2082
23.2082
23.2082
23.2092
23.2092
23.2092
23.2092
23.2092
23.2092
23.2092
23.2092
23.2092
23.2092
23.2092
23.2092
23.2092
23.2092
23.2092
23.2092
23.2092
23.2092
23.2092
23.2092
23.2092
23.2092
23.2092
23.2092
23.2092
23.239
23.246
23.246
23.246
23.246
23.246
23.246
23.246
23.246
23.246
23.246
23.246
23.246
23.246
23.2499
23.2499
23.2499
23.2499
23.2747
23.2747
23.2747
23.2747
23.2747
23.2747
23.2758
23.2758
23.2758
23.2758
23.2758
23.2758
23.2758
23.2758
23.2758
23.3248
23.3248
23.3248
23.3248
23.3248
23.3248
23.3248
23.3248
23.3248
23.3248
23.3248
23.3248
23.3248
23.3248
23.3351
23.3553
23.3553
23.3553
23.3553
23.3553
23.3553
23.3553
23.3553
23.3553
23.3553
23.3553
23.3553
23.3553
