23.8175
23.8703
23.9461
23.9461
23.9461
23.9461
23.9518
23.9518
23.9518
23.9518
23.9726
23.9726
23.9726
23.9726
23.9726
23.9726
23.9726
23.9726
23.9726
23.9726
23.9726
23.9726
23.9726
23.9726
23.9726
23.9726
23.9726
23.9726
23.9726
23.9726
23.9726
23.9743
23.9743
23.9743
23.9743
23.9743
23.9743
23.9743
23.9743
23.9743
23.9743
23.9743
23.9743
23.9743
23.9743
23.9743
23.9743
23.9743
23.9797
23.9797
23.9797
23.9797
23.9797
23.9797
23.9797
23.9797
23.9797
23.9797
23.9797
23.9797
23.9797
23.9797
23.9797
23.9797
23.9797
23.9797
23.9797
23.9797
23.9797
23.9797
23.9797
23.9797
23.9797
23.9797
23.9797
23.9797
23.9797
23.9797
23.9797
23.9797
23.9797
23.9797
23.9797
23.9797
23.9797
23.9797
23.9797
23.9797
23.9797
23.9797
23.9797
23.9797
23.9797
23.9797
23.9797
23.9797
23.9797
23.9797
23.9797
23.9797
23.9797
23.9797
23.9797
23.9797
23.9797
23.9797
23.9797
23.9797
23.9797
23.9797
23.9797
23.9797
23.9832
23.9832
23.9832
23.9832
23.9832
23.9832
23.9832
23.9832
23.9832
23.9832
23.9832
23.9832
23.9832
23.9832
23.9832
23.9832
23.9832
23.9832
23.9832
23.9832
23.9832
23.9832
23.9832
23.9832
23.9832
23.9832
23.9832
23.9832
23.9832
23.9832
23.9832
23.9832
23.9832
23.9832
23.9832
23.9832
23.9832
23.9832
