6.02078
6.05931
6.05931
6.07433
6.07433
6.07599
6.07599
6.07646
6.0876
6.0876
6.0876
6.0876
6.0876
6.0876
6.0876
6.0876
6.0876
6.0876
6.0876
6.0876
6.0876
6.0876
6.0876
6.0876
6.0876
6.0876
6.0876
6.0876
6.0876
6.0876
6.0876
6.0876
6.0876
6.0876
6.0876
6.0876
6.0876
6.0876
6.0876
6.0876
6.0876
6.0876
6.0876
6.0876
6.0876
6.0876
6.0876
6.0876
6.0876
6.0876
6.0876
6.0876
6.0876
6.0876
6.0876
6.0876
6.0876
6.0876
6.0876
6.0876
6.0876
6.0876
6.0876
6.0876
6.0876
6.0876
6.0876
6.0876
6.0876
6.0876
6.0876
6.0876
6.0876
6.0876
6.0876
6.0876
6.0876
6.0876
6.0876
6.0876
6.0876
6.0876
6.0876
6.0876
6.0876
6.0876
6.0876
6.0876
6.0876
6.0876
6.0876
6.0876
6.0876
6.0876
6.0876
6.0876
6.0876
6.0876
6.0876
6.0876
6.0876
6.0876
6.0876
6.0876
6.0876
6.0876
6.0876
6.0876
6.0876
6.0876
6.0876
6.0876
6.0876
6.0876
6.0876
6.0876
6.0876
6.0876
6.0876
6.0876
6.0876
6.0876
6.0876
6.0876
6.0876
6.0876
6.0876
6.0876
6.0876
6.0876
6.0876
6.0876
6.0876
6.0876
6.0876
6.0876
6.0876
6.0876
6.0876
6.0876
6.0876
6.0876
6.0876
6.0876
6.0876
6.0876
6.0876
6.0876
6.0876
6.0876
