28.1385
28.1584
28.1849
28.1589
28.1589
28.1854
28.2116
28.18
28.2007
28.2007
28.1849
28.1845
28.1383
28.1383
28.1401
28.1847
28.1482
28.1482
28.1003
28.0491
28.1052
28.1514
28.1721
28.2845
28.271
28.2742
28.3226
28.3226
28.3284
28.3362
28.3846
28.4119
28.4119
28.4119
28.4248
28.4248
28.4822
28.4822
28.4822
28.4822
28.5407
28.5407
28.5407
28.5407
28.5407
28.5858
28.615
28.615
28.615
28.615
28.615
28.6671
28.6876
28.6876
28.6876
28.6876
28.7053
28.7053
28.7053
28.7053
28.7053
28.7053
28.7053
28.7053
28.7053
28.7053
28.7053
28.8226
28.846
28.846
28.846
28.8647
28.8952
28.8952
28.8952
28.8952
28.8952
28.8952
28.8952
28.8952
28.9001
28.9001
28.9001
28.9178
28.9178
28.9178
28.9178
28.9178
28.9178
28.9178
28.9837
28.9837
28.9837
28.9837
28.9957
28.9957
29.0105
29.0105
29.0105
29.0105
29.0105
29.0105
29.0105
29.0105
29.0335
29.0335
29.0335
29.0335
29.0335
29.0335
29.0335
29.0471
29.0471
29.0471
29.0471
29.0517
29.0614
29.0614
29.0614
29.0856
29.0856
29.0856
29.0856
29.1102
29.1102
29.1102
29.1102
29.1237
29.1237
29.1237
29.1237
29.1237
29.1237
29.1237
29.1237
29.1237
29.1237
29.1237
29.1237
29.1237
29.1237
29.1237
29.1237
29.1237
29.1237
29.1237
29.1237
