35.5704
35.6717
35.6764
35.6764
35.6764
35.6764
35.6764
35.6764
35.6764
35.6764
35.6764
35.6764
35.6764
35.6764
35.6764
35.6786
35.6786
35.6908
35.6908
35.6908
35.6908
35.6908
35.6908
35.6908
35.6908
35.6908
35.6908
35.6908
35.6908
35.6908
35.6908
35.6908
35.6908
35.6908
35.6908
35.6908
35.6908
35.6908
35.6908
35.6908
35.6908
35.6908
35.6908
35.6908
35.6908
35.6908
35.6908
35.6908
35.6908
35.6908
35.6908
35.6908
35.7102
35.7102
35.7102
35.7102
35.7102
35.7102
35.7102
35.7102
35.7102
35.7102
35.7102
35.7102
35.7102
35.7102
35.7152
35.7152
35.7152
35.7152
35.7152
35.7152
35.7152
35.7152
35.7152
35.7152
35.7152
35.7152
35.7152
35.7152
35.7152
35.7152
35.7209
35.7209
35.7209
35.7209
35.7209
35.7209
35.7209
35.7209
35.7209
35.7209
35.7209
35.7209
35.7209
35.7209
35.7209
35.7209
35.7209
35.7365
35.7365
35.7365
35.7365
35.7365
35.7365
35.7365
35.7365
35.7365
35.7365
35.7365
35.7365
35.7365
35.7365
35.7365
35.7365
35.7365
35.7365
35.7365
35.7365
35.7365
35.7365
35.7365
35.7365
35.7365
35.7365
35.7365
35.7365
35.7365
35.7365
35.7365
35.7365
35.7365
35.7365
35.7365
35.7365
35.7365
35.7365
35.7365
35.7365
35.7365
35.7365
35.7365
35.7365
35.7365
35.7365
35.7365
35.7365
35.7365
35.7365
35.7365
