5.70671
5.71222
5.74951
5.73556
5.73556
5.5969
5.60762
5.60574
5.58718
5.67974
5.70359
5.70728
5.7046
5.76172
5.76531
5.76531
5.7828
5.70777
5.74188
5.74001
5.74001
5.75856
5.73188
5.73011
5.73011
5.65425
5.65644
5.67499
5.67499
5.70151
5.69425
5.69825
5.69825
5.69844
5.7154
5.7154
5.7154
5.7154
5.7154
5.7154
5.73369
5.73369
5.73369
5.73369
5.73764
5.76369
5.76369
5.77934
5.77934
5.81712
5.81712
5.81712
5.81712
5.81712
5.84865
5.84865
5.84865
5.88203
5.88997
5.88997
5.88997
5.88997
5.88997
5.88997
5.88997
5.88997
5.88997
5.88997
5.88997
5.88997
5.88997
5.91457
5.91457
5.91457
5.91457
5.91457
5.91457
5.91457
5.91457
5.91457
5.91457
5.91457
5.91692
5.91692
5.91692
5.98437
5.98437
5.98437
5.98437
5.98437
5.98437
5.98437
5.98437
5.98437
5.98437
5.98437
5.98437
5.98437
6.00943
6.00943
6.00943
6.00943
6.00943
6.00943
6.00943
6.00943
6.00943
6.00943
6.00943
6.00943
6.00943
6.00943
6.00943
6.00943
6.00943
6.00943
6.00943
6.00943
6.00943
6.00943
6.00943
6.00943
6.00943
6.00943
6.00943
6.00943
6.00943
6.00943
6.00943
6.00943
6.00943
6.00943
6.00943
6.00943
6.00943
6.00943
6.00943
6.00943
6.00943
6.00943
6.00943
6.00943
6.00943
6.00943
6.00943
6.00943
6.00943
