11.9827
12.0407
12.0438
12.0438
12.0742
12.0743
12.0743
12.0903
12.0903
12.0903
12.0903
12.0903
12.0903
12.0903
12.0903
12.0903
12.0903
12.0993
12.0993
12.0993
12.0993
12.0993
12.0993
12.0993
12.0993
12.0993
12.0993
12.0993
12.0993
12.0995
12.0995
12.0995
12.0995
12.0995
12.0995
12.1015
12.1015
12.1015
12.1015
12.1015
12.1015
12.1015
12.1015
12.1015
12.1015
12.1015
12.1015
12.1015
12.1015
12.1015
12.1015
12.1015
12.1015
12.1015
12.1015
12.1015
12.1015
12.1015
12.1015
12.1015
12.1015
12.1015
12.1015
12.1015
12.1015
12.1015
12.1015
12.1015
12.1015
12.1015
12.1015
12.1015
12.1015
12.1015
12.1015
12.1015
12.1015
12.1015
12.1015
12.1015
12.1015
12.1015
12.1015
12.1015
12.1015
12.1015
12.1015
12.1015
12.1015
12.1015
12.1015
12.1015
12.1015
12.1015
12.1015
12.1015
12.1015
12.1015
12.1015
12.1015
12.1015
12.1015
12.1015
12.1015
12.1015
12.1015
12.1015
12.1015
12.1015
12.1015
12.1015
12.1015
12.1015
12.1015
12.1015
12.1015
12.1015
12.1015
12.1015
12.1015
12.1015
12.1015
12.1015
12.1015
12.1015
12.1015
12.1015
12.1015
12.1015
12.1015
12.1015
12.1015
12.1015
12.1015
12.1015
12.1015
12.1015
12.1015
12.1015
12.1015
12.1015
12.1015
12.1015
12.1015
12.1015
12.1015
12.1015
12.1015
12.1015
12.1015
