34.2543
34.2543
34.2543
34.2991
34.4389
34.4389
34.5403
34.5403
34.5471
34.5786
34.6258
34.6258
34.6965
34.6965
34.6965
34.6965
34.6965
34.7805
34.7805
34.7805
34.7805
34.7805
34.7805
34.8459
34.8459
34.8475
34.8987
34.8987
34.9186
34.9186
34.9186
34.9186
35.0151
35.0151
35.0151
35.0151
35.0151
35.0151
35.0151
35.0151
35.0151
35.0208
35.0208
35.0208
35.0208
35.0331
35.0613
35.0613
35.0613
35.0613
35.0613
35.0613
35.0613
35.0613
35.0613
35.0613
35.0613
35.0613
35.1823
35.1823
35.1823
35.1823
35.1823
35.1823
35.1823
35.1823
35.1823
35.1823
35.1823
35.1823
35.1823
35.1823
35.1823
35.1823
35.1823
35.1823
35.1823
35.1823
35.1823
35.1823
35.1823
35.1823
35.1823
35.1823
35.1823
35.1823
35.1823
35.1823
35.1823
35.1823
35.1923
35.1923
35.1923
35.1923
35.1923
35.1923
35.1923
35.1923
35.2289
35.2289
35.2289
35.2289
35.2289
35.2289
35.2289
35.2289
35.2289
35.2289
35.2289
35.2289
35.2289
35.2289
35.2289
35.2289
35.2289
35.2289
35.2289
35.229
35.229
35.2393
35.2393
35.2393
35.2393
35.2505
35.2505
35.2505
35.2571
35.2584
35.2584
35.2584
35.2584
35.2584
35.2584
35.2584
35.2584
35.2584
35.2584
35.2584
35.2584
35.2584
35.2584
35.2584
35.2632
35.2632
35.2632
35.2753
35.2753
35.2753
35.2753
35.2753
