5.74246
5.82164
5.85534
5.85534
5.85534
5.87401
5.88462
5.88462
5.88462
5.89989
5.89989
5.91051
5.91051
5.91051
5.91051
5.91051
5.91051
5.91051
5.91051
5.91051
5.91051
5.91051
5.91051
5.91051
5.91051
5.91051
5.91051
5.91051
5.91051
5.91051
5.91051
5.91051
5.91051
5.91051
5.91051
5.91051
5.91051
5.91051
5.91947
5.94313
5.94313
5.94313
5.94313
5.95209
5.95209
5.95421
5.95421
5.95826
5.95826
5.95826
5.95826
5.95826
5.95826
5.95826
5.95826
5.95826
5.95826
5.95826
5.95826
5.95826
5.95826
5.96228
5.96228
5.96228
5.96228
5.96228
5.96228
5.97615
5.97615
5.98344
5.9885
5.99501
5.99501
5.99501
5.99501
5.99501
5.99501
5.99501
5.99501
6.00586
6.00586
6.00586
6.00586
6.00586
6.00586
6.00586
6.00586
6.00586
6.00586
6.00586
6.00586
6.00586
6.00586
6.00586
6.00586
6.00586
6.00586
6.00586
6.00586
6.00744
6.00744
6.00744
6.00744
6.00744
6.00744
6.00744
6.00744
6.00744
6.00744
6.00744
6.00744
6.00744
6.00744
6.00744
6.00744
6.00744
6.00744
6.00744
6.00744
6.00744
6.00744
6.00744
6.00744
6.00744
6.00744
6.00744
6.00744
6.00744
6.00744
6.00744
6.00744
6.00744
6.00744
6.00744
6.00744
6.00744
6.00744
6.00744
6.00744
6.00744
6.00744
6.00744
6.00744
6.00744
6.00744
6.00744
6.00744
6.00744
6.00744
6.00744
