22.9944
22.9944
22.9944
23.1357
23.1569
23.1569
23.1812
23.2424
23.3122
23.3122
23.3122
23.3122
23.3426
23.3751
23.4242
23.4242
23.4242
23.4242
23.4242
23.4242
23.4567
23.4567
23.4567
23.4567
23.4567
23.4567
23.4712
23.4712
23.4831
23.507
23.5203
23.5203
23.5203
23.5203
23.5203
23.5203
23.539
23.539
23.539
23.539
23.539
23.539
23.5425
23.5425
23.5425
23.5425
23.5425
23.5425
23.5463
23.5463
23.5463
23.5463
23.5529
23.5529
23.5529
23.5744
23.5744
23.5744
23.5744
23.5744
23.5744
23.5744
23.5788
23.5788
23.5788
23.5947
23.5947
23.5947
23.5947
23.5947
23.5947
23.5947
23.5947
23.5947
23.5959
23.5959
23.5959
23.5959
23.5959
23.5959
23.5959
23.5959
23.5959
23.5959
23.5959
23.5959
23.5959
23.5959
23.5959
23.5959
23.5959
23.5959
23.5959
23.5959
23.5959
23.5959
23.5959
23.5959
23.5959
23.5959
23.63
23.63
23.63
23.63
23.63
23.63
23.63
23.63
23.63
23.63
23.63
23.63
23.63
23.6366
23.6366
23.6366
23.6366
23.6366
23.6366
23.6366
23.6366
23.6366
23.6366
23.6366
23.6366
23.6366
23.6366
23.6366
23.6366
23.6366
23.6366
23.6366
23.6622
23.6622
23.6622
23.6622
23.6624
23.6624
23.6624
23.6727
23.6727
23.6727
23.6727
23.6727
23.6727
23.6727
23.6727
23.6727
23.6727
23.6727
