5.20017
5.16716
5.14905
5.14657
5.16846
5.1801
5.1801
5.1805
5.1459
5.18887
5.1923
5.17691
5.15288
5.18551
5.21385
5.17138
5.16843
5.17903
5.17903
5.18317
5.1848
5.17333
5.14122
5.16118
5.18888
5.18888
5.20335
5.20335
5.17185
5.18836
5.1771
5.16995
5.16995
5.16995
5.19777
5.19777
5.19777
5.19777
5.20089
5.20222
5.21398
5.223
5.223
5.223
5.223
5.22421
5.22421
5.22421
5.23276
5.24586
5.24586
5.24586
5.24586
5.24586
5.24995
5.24995
5.24995
5.24995
5.24995
5.24995
5.26035
5.26035
5.26035
5.26035
5.26035
5.26035
5.26035
5.26035
5.26035
5.26035
5.26035
5.26035
5.26035
5.26035
5.26035
5.26035
5.26035
5.26035
5.26035
5.26035
5.26035
5.26035
5.26035
5.26035
5.26035
5.27032
5.27032
5.27032
5.27032
5.27032
5.27032
5.27032
5.27032
5.27032
5.27032
5.27032
5.27032
5.27032
5.27032
5.27032
5.27032
5.27032
5.27032
5.27032
5.27032
5.27032
5.27032
5.27032
5.27032
5.27032
5.27032
5.2781
5.2781
5.2781
5.2781
5.2781
5.2781
5.27829
5.27829
5.27829
5.27829
5.27829
5.27829
5.27829
5.27829
5.27829
5.27829
5.27829
5.27829
5.27829
5.27829
5.27829
5.27829
5.27829
5.27829
5.27829
5.27829
5.27829
5.27829
5.27829
5.27829
5.27829
5.27829
5.27829
5.27829
5.27829
5.27829
