15.5972
15.5972
15.6316
15.6458
15.6458
15.6757
15.6997
15.6997
15.722
15.722
15.722
15.722
15.722
15.7391
15.7413
15.7577
15.7577
15.7577
15.7577
15.7577
15.7785
15.7785
15.7985
15.7985
15.7985
15.7985
15.7985
15.7985
15.8071
15.8071
15.8111
15.8111
15.8111
15.8197
15.8197
15.8197
15.8308
15.8405
15.8405
15.8405
15.8512
15.8512
15.8512
15.8512
15.8512
15.8512
15.8512
15.8516
15.8516
15.8516
15.8564
15.8591
15.8591
15.8598
15.8598
15.8598
15.8619
15.862
15.8641
15.8641
15.8641
15.8641
15.8641
15.8641
15.8643
15.8643
15.8643
15.8643
15.8643
15.8643
15.8643
15.8662
15.8662
15.8662
15.8662
15.8663
15.8666
15.8666
15.8666
15.8666
15.8666
15.8666
15.867
15.867
15.867
15.867
15.867
15.867
15.867
15.8671
15.8672
15.8674
15.8674
15.8674
15.8674
15.8674
15.8674
15.8674
15.8674
15.8674
15.8674
15.8674
15.8674
15.8674
15.8674
15.8674
15.8674
15.8674
15.8674
15.8674
15.8674
15.8674
15.8674
15.8674
15.8674
15.8674
15.8674
15.8674
15.8674
15.8674
15.8674
15.8674
15.8674
15.8674
15.8674
15.8674
15.8674
15.8674
15.8674
15.8674
15.8674
15.8674
15.8674
15.8674
15.8674
15.8674
15.8674
15.8674
15.8674
15.8674
15.8674
15.8674
15.8674
15.8674
15.8674
15.8674
15.8674
15.8674
15.8674
15.8674
