15.719
15.7796
15.8005
15.849
15.849
15.849
15.8652
15.8673
15.8673
15.8673
15.8741
15.8826
15.8826
15.8826
15.8826
15.8826
15.8826
15.8826
15.8826
15.8826
15.8826
15.8826
15.8826
15.8831
15.8831
15.8831
15.8831
15.8831
15.8927
15.8927
15.8927
15.8927
15.8927
15.8927
15.8927
15.8937
15.8937
15.8937
15.9002
15.9002
15.9002
15.9002
15.9002
15.9002
15.9002
15.9005
15.9005
15.9005
15.9005
15.9005
15.9029
15.9051
15.9051
15.9051
15.9051
15.9051
15.9051
15.9051
15.9051
15.9051
15.9051
15.9051
15.9051
15.9051
15.9051
15.9051
15.9051
15.9051
15.9051
15.9051
15.9051
15.9051
15.9051
15.9051
15.9051
15.9051
15.9051
15.9051
15.9051
15.9051
15.9051
15.9051
15.9051
15.9051
15.9051
15.9051
15.9051
15.9051
15.9051
15.9051
15.9051
15.9051
15.9051
15.9051
15.9051
15.9051
15.9051
15.9051
15.9051
15.9051
15.9051
15.9051
15.9051
15.9051
15.9051
15.9051
15.9051
15.9051
15.9051
15.9051
15.9051
15.9051
15.9051
15.9051
15.9051
15.9051
15.9051
15.9051
15.9051
15.9051
15.9051
15.9051
15.9051
15.9051
15.9051
15.9051
15.9051
15.9051
15.9051
15.9051
15.9051
15.9051
15.9051
15.9051
15.9051
15.9051
15.9051
15.9051
15.9051
15.9051
15.9051
15.9051
15.9051
15.9051
15.9051
15.9051
15.9051
15.9051
15.9051
15.9051
