25.7383
25.7449
25.7455
25.7232
25.7365
25.74
25.7433
25.7362
25.7345
25.7368
25.7647
25.7686
25.7609
25.734
25.734
25.7457
25.7834
25.7818
25.7612
25.7996
25.7996
25.81
25.796
25.8046
25.8046
25.8173
25.8281
25.825
25.8305
25.8305
25.8305
25.8491
25.8388
25.8497
25.8229
25.8229
25.8229
25.8239
25.8239
25.8241
25.8414
25.8476
25.8476
25.8476
25.8483
25.8483
25.8752
25.8752
25.8919
25.8919
25.8919
25.8919
25.9053
25.9053
25.907
25.9259
25.946
25.946
25.946
25.9566
25.9566
25.9566
25.9834
25.9937
26.0218
26.0218
26.0218
26.0218
26.0218
26.0316
26.0316
26.0316
26.0316
26.0316
26.0316
26.0403
26.0403
26.0649
26.0649
26.08
26.08
26.08
26.0831
26.0831
26.0831
26.0831
26.0831
26.1029
26.1029
26.1029
26.1029
26.1029
26.1073
26.1073
26.1088
26.1088
26.1178
26.1178
26.1178
26.1178
26.1178
26.1178
26.1178
26.1252
26.1252
26.1252
26.1252
26.1307
26.1405
26.1405
26.1405
26.1405
26.1405
26.1405
26.1405
26.1405
26.1405
26.1405
26.1405
26.1405
26.1405
26.1464
26.1464
26.1496
26.1496
26.1553
26.1553
26.1553
26.1659
26.1659
26.1659
26.1659
26.1659
26.1659
26.1659
26.1659
26.1661
26.1662
26.1662
26.1662
26.1671
26.1671
26.1671
26.1671
26.1671
26.1671
26.1671
