20.9907
21.0496
21.075
21.075
21.075
21.0902
21.0964
21.0999
21.1098
21.1098
21.1098
21.1098
21.1098
21.1192
21.1192
21.1192
21.12
21.1446
21.1446
21.1446
21.1446
21.1446
21.1446
21.1446
21.149
21.149
21.149
21.149
21.149
21.149
21.149
21.149
21.149
21.149
21.149
21.149
21.149
21.149
21.149
21.149
21.1513
21.1513
21.1513
21.1513
21.1513
21.1522
21.1522
21.1522
21.1522
21.1522
21.1522
21.1522
21.1522
21.1522
21.1522
21.1522
21.1522
21.1522
21.1522
21.1522
21.1522
21.1522
21.1522
21.1522
21.1522
21.1522
21.1522
21.1522
21.1522
21.1522
21.1522
21.1522
21.1522
21.1522
21.1522
21.1522
21.1522
21.1522
21.1522
21.1522
21.1593
21.1593
21.1593
21.1593
21.1593
21.1593
21.1593
21.1593
21.1593
21.1593
21.1593
21.1593
21.1593
21.1593
21.1593
21.1593
21.1613
21.1613
21.1613
21.1613
21.1613
21.1613
21.1613
21.1613
21.1613
21.163
21.163
21.163
21.163
21.163
21.163
21.163
21.163
21.163
21.163
21.163
21.163
21.163
21.163
21.163
21.163
21.163
21.163
21.163
21.166
21.1671
21.1671
21.1671
21.1671
21.1671
21.1671
21.1671
21.1671
21.1671
21.1671
21.1671
21.1671
21.1671
21.1671
21.1671
21.1671
21.1671
21.1671
21.1671
21.1671
21.1671
21.1671
21.1671
21.1671
21.1671
