26.1907
26.2616
26.3244
26.3257
26.3257
26.3277
26.3491
26.3491
26.3491
26.3582
26.3582
26.3582
26.3676
26.3676
26.3676
26.3676
26.3676
26.3719
26.3719
26.3719
26.3719
26.3719
26.3719
26.3719
26.3719
26.3719
26.4068
26.4068
26.4068
26.4068
26.4068
26.4068
26.4068
26.4068
26.4068
26.4068
26.4068
26.4068
26.4068
26.4068
26.4068
26.4068
26.4068
26.4068
26.4068
26.4068
26.4068
26.4165
26.4165
26.4165
26.4165
26.4165
26.4165
26.4165
26.4165
26.4165
26.4165
26.4165
26.4165
26.4165
26.4165
26.4167
26.4167
26.4167
26.4167
26.4167
26.4167
26.4167
26.4167
26.4167
26.4167
26.4167
26.4167
26.4167
26.4167
26.4167
26.4167
26.4167
26.4167
26.4167
26.4167
26.4167
26.4167
26.4167
26.4167
26.4167
26.4206
26.4206
26.4206
26.4206
26.4206
26.4206
26.4206
26.4206
26.4206
26.4206
26.4206
26.4206
26.4206
26.4206
26.4206
26.4206
26.4206
26.4206
26.4206
26.4206
26.4206
26.4206
26.4206
26.4206
26.4206
26.4206
26.4206
26.4206
26.4206
26.4206
26.4206
26.4206
26.4206
26.4206
26.4206
26.421
26.421
26.421
26.421
26.421
26.421
26.4237
26.4237
26.4237
26.4237
26.4237
26.4237
26.4237
26.4237
26.4237
26.4237
26.4237
26.4237
26.4237
26.4237
26.4261
26.4261
26.4261
26.4261
26.4261
26.4261
26.4261
26.4261
26.4261
