10.5176
10.5278
10.5429
10.5701
10.5701
10.5748
10.5853
10.5853
10.5853
10.5966
10.6067
10.6067
10.6067
10.6067
10.6112
10.6147
10.6147
10.6147
10.6147
10.6147
10.6147
10.6147
10.6147
10.6147
10.6147
10.6147
10.6147
10.6147
10.6147
10.6147
10.6147
10.6147
10.6147
10.6147
10.6147
10.6147
10.6147
10.6147
10.6147
10.6147
10.6147
10.6147
10.6147
10.6147
10.6147
10.6147
10.6147
10.6147
10.6147
10.6147
10.6147
10.6147
10.6147
10.6147
10.6147
10.6147
10.6147
10.6147
10.6147
10.6147
10.6147
10.6147
10.6147
10.6147
10.6147
10.6147
10.6147
10.6148
10.6148
10.6148
10.6148
10.6148
10.6148
10.6148
10.6148
10.6148
10.6148
10.6148
10.6148
10.6148
10.6148
10.6148
10.6148
10.6148
10.6148
10.6148
10.6148
10.6148
10.6148
10.6148
10.6148
10.6148
10.6148
10.6148
10.6148
10.6148
10.6148
10.6148
10.6148
10.6148
10.6148
10.6148
10.6148
10.6148
10.6148
10.6148
10.6148
10.6148
10.6148
10.6148
10.6148
10.6148
10.6148
10.6148
10.6148
10.6148
10.6148
10.6148
10.6148
10.6148
10.6148
10.6148
10.6148
10.6148
10.6148
10.6148
10.6148
10.6148
10.6148
10.6148
10.6148
10.6148
10.6148
10.6148
10.6148
10.6148
10.6148
10.6148
10.6148
10.6148
10.6148
10.6148
10.6148
10.6148
10.6148
10.6148
10.6148
10.6148
10.6148
10.6148
