10.2881
10.2675
10.2598
10.2857
10.2958
10.3097
10.3271
10.3389
10.3286
10.3303
10.307
10.2873
10.2969
10.2744
10.2899
10.3102
10.3469
10.3653
10.3881
10.4115
10.4261
10.4261
10.4261
10.4114
10.3819
10.3819
10.3976
10.3684
10.379
10.3755
10.3683
10.3683
10.3683
10.3871
10.3871
10.3871
10.3876
10.4153
10.4153
10.4216
10.4318
10.4318
10.4318
10.4318
10.4318
10.4318
10.4318
10.4318
10.4318
10.4318
10.4318
10.4318
10.4318
10.4318
10.4387
10.4387
10.4387
10.4524
10.4524
10.4629
10.4629
10.4629
10.4629
10.4629
10.4629
10.4687
10.4687
10.4687
10.4727
10.4727
10.4727
10.473
10.4953
10.4953
10.4953
10.4953
10.4953
10.4953
10.4953
10.4953
10.4954
10.4954
10.4954
10.4954
10.4954
10.4993
10.4993
10.4993
10.4993
10.4993
10.4993
10.4993
10.4993
10.4993
10.4993
10.4993
10.4993
10.4993
10.4993
10.4993
10.4993
10.4993
10.4993
10.4993
10.4993
10.4993
10.4993
10.4993
10.4993
10.4993
10.4993
10.4993
10.5202
10.5202
10.5202
10.5202
10.5202
10.5202
10.5202
10.5202
10.5202
10.5202
10.533
10.533
10.533
10.533
10.533
10.533
10.533
10.533
10.533
10.533
10.533
10.533
10.533
10.533
10.533
10.533
10.533
10.533
10.533
10.533
10.533
10.533
10.533
10.533
10.533
