20.6422
20.6581
20.6767
20.6702
20.6226
20.584
20.6052
20.6055
20.6258
20.6001
20.5991
20.5991
20.6054
20.6266
20.6445
20.6445
20.6526
20.6526
20.6672
20.6677
20.6826
20.6757
20.6514
20.6338
20.6338
20.6339
20.6339
20.6429
20.6425
20.6429
20.657
20.657
20.657
20.639
20.6593
20.6631
20.6787
20.6787
20.6787
20.6787
20.6787
20.6852
20.6852
20.6852
20.7033
20.7033
20.7033
20.7108
20.7108
20.7108
20.7108
20.7421
20.7421
20.7421
20.7421
20.7508
20.7632
20.7632
20.7632
20.7632
20.7632
20.7632
20.7632
20.7632
20.7632
20.7822
20.7822
20.7822
20.7824
20.7824
20.7828
20.7839
20.7839
20.7839
20.7839
20.7839
20.7839
20.7839
20.7839
20.7954
20.7954
20.8158
20.8185
20.8185
20.8185
20.8185
20.8367
20.8367
20.8367
20.8367
20.8367
20.8367
20.8367
20.8419
20.852
20.852
20.8701
20.8701
20.8811
20.8906
20.8906
20.8906
20.8906
20.8906
20.8906
20.8906
20.8906
20.8906
20.8906
20.8906
20.8906
20.8906
20.8906
20.8906
20.895
20.895
20.895
20.8979
20.8979
20.8979
20.8979
20.8979
20.9079
20.9079
20.9079
20.9079
20.9308
20.9308
20.9308
20.9308
20.9308
20.9308
20.9308
20.9308
20.9308
20.9308
20.9308
20.9308
20.9308
20.9308
20.9308
20.9308
20.9308
20.9308
20.9308
20.9308
20.9309
