10.3949
10.4298
10.4298
10.4366
10.4535
10.4535
10.4643
10.4643
10.4685
10.4782
10.4878
10.4967
10.5025
10.5056
10.5103
10.5235
10.5235
10.5266
10.5266
10.5266
10.5332
10.5332
10.5332
10.5433
10.5433
10.5433
10.5433
10.5475
10.5475
10.5498
10.5498
10.5498
10.5498
10.5498
10.5498
10.5498
10.5498
10.5498
10.562
10.562
10.562
10.562
10.5642
10.5642
10.5642
10.5668
10.57
10.57
10.5745
10.5745
10.5768
10.5768
10.5768
10.5768
10.5768
10.5768
10.5768
10.5768
10.5768
10.5768
10.5768
10.5768
10.5768
10.5768
10.5768
10.577
10.577
10.577
10.577
10.577
10.577
10.577
10.5774
10.5774
10.5774
10.5775
10.5775
10.5775
10.5775
10.5775
10.5775
10.5775
10.5775
10.5775
10.5775
10.5775
10.5775
10.5775
10.5775
10.5775
10.5775
10.5775
10.5775
10.5775
10.5775
10.5775
10.5775
10.5775
10.5775
10.5775
10.5775
10.5775
10.5775
10.5775
10.5775
10.5775
10.5775
10.5775
10.5775
10.5775
10.5775
10.5775
10.5775
10.5775
10.5775
10.5775
10.5775
10.5775
10.5775
10.5775
10.5775
10.5775
10.5775
10.5775
10.5775
10.5775
10.5775
10.5775
10.5775
10.5775
10.5775
10.5775
10.5775
10.5775
10.5775
10.5775
10.5775
10.5775
10.5812
10.5812
10.5812
10.5812
10.5812
10.5812
10.5812
10.5812
10.5812
10.5812
10.5812
10.5812
