20.7373
20.7807
20.7807
20.7807
20.7837
20.8308
20.8369
20.8392
20.8612
20.8622
20.8804
20.9061
20.9061
20.9129
20.9129
20.9129
20.9222
20.9363
20.9363
20.9363
20.9428
20.9519
20.9565
20.9565
20.9612
20.963
20.9759
20.9759
20.9759
20.981
20.9982
20.9982
20.9982
20.9983
20.9983
20.9983
20.9983
20.9983
20.9983
20.9983
20.9983
20.9983
20.9983
20.9983
20.9983
20.9983
20.9983
20.9983
20.9983
20.9983
20.9983
20.9983
20.9983
20.9983
20.9983
21.0082
21.0082
21.0082
21.0082
21.0082
21.0082
21.0082
21.0088
21.0088
21.0088
21.0088
21.0088
21.0088
21.0088
21.0088
21.0088
21.0088
21.0102
21.0102
21.0102
21.0102
21.0102
21.0102
21.0112
21.0112
21.0112
21.0112
21.0112
21.0112
21.0112
21.0112
21.0112
21.0112
21.0112
21.0112
21.0112
21.0112
21.0112
21.0112
21.0112
21.0112
21.0112
21.0112
21.0112
21.0112
21.0151
21.0151
21.0151
21.0151
21.0151
21.0151
21.0151
21.0151
21.0151
21.0151
21.0151
21.0151
21.0151
21.0243
21.0243
21.0243
21.0243
21.0243
21.0243
21.0243
21.0243
21.0243
21.0243
21.0243
21.0243
21.0243
21.0251
21.0251
21.0251
21.0251
21.0251
21.0251
21.0251
21.0251
21.0251
21.0251
21.0251
21.0251
21.0251
21.0251
21.0251
21.0251
21.0272
21.0272
21.0272
21.0272
21.0349
21.0349
21.0349
21.0349
