31.0448
31.0482
31.0363
31.0429
31.0336
31.0157
30.9905
31.0118
30.9957
31.0236
31.0089
30.9884
31.0159
31.0204
31.0306
31.0306
31.0306
31.0311
31.019
31.019
31.0292
31.0389
31.0495
31.0523
31.0725
31.0787
31.0817
31.0819
31.0819
31.0819
31.0819
31.0819
31.0819
31.0819
31.0819
31.0819
31.0819
31.0819
31.0819
31.0819
31.0819
31.0982
31.0982
31.0982
31.1079
31.1079
31.1079
31.1079
31.1079
31.1079
31.1079
31.1079
31.1079
31.1079
31.1079
31.1079
31.1079
31.1079
31.1079
31.1079
31.108
31.108
31.108
31.1216
31.1416
31.1416
31.1527
31.1527
31.1632
31.1632
31.1632
31.1682
31.1682
31.1873
31.1873
31.1873
31.1891
31.2099
31.2099
31.2099
31.2099
31.2133
31.2133
31.2321
31.2321
31.2321
31.2321
31.2321
31.2321
31.2321
31.2398
31.2398
31.2398
31.2398
31.2398
31.2398
31.2398
31.2398
31.2398
31.2398
31.2398
31.2398
31.2398
31.2398
31.2398
31.2398
31.2398
31.2398
31.2398
31.2398
31.2607
31.2607
31.2607
31.2607
31.2607
31.2607
31.2607
31.2607
31.2607
31.2741
31.2741
31.2741
31.2741
31.2741
31.292
31.2947
31.3157
31.3157
31.3171
31.3273
31.3273
31.3378
31.3378
31.3378
31.3378
31.3378
31.3378
31.3378
31.3378
31.3378
31.3378
31.3612
31.3735
31.3738
31.3738
31.3738
31.3738
