25.9453
25.961
25.961
26.0131
26.0213
26.0597
26.0597
26.0881
26.1343
26.1343
26.1357
26.138
26.1446
26.1446
26.1507
26.1548
26.1834
26.1834
26.2124
26.2124
26.2124
26.2124
26.2163
26.2163
26.2498
26.2498
26.2498
26.2498
26.2498
26.2701
26.2701
26.2701
26.2759
26.2759
26.2759
26.2759
26.2759
26.2759
26.2759
26.2759
26.2759
26.2759
26.2759
26.2759
26.2759
26.2759
26.2759
26.2759
26.2759
26.2759
26.2759
26.2759
26.2759
26.2759
26.2759
26.2759
26.2759
26.2912
26.2912
26.2912
26.2912
26.2912
26.2912
26.2912
26.2912
26.2912
26.2912
26.2912
26.2912
26.2912
26.2912
26.2912
26.2912
26.2912
26.2912
26.2968
26.2968
26.2968
26.2968
26.2968
26.2968
26.2968
26.2968
26.2968
26.3039
26.3039
26.3039
26.3039
26.3039
26.3039
26.3116
26.3116
26.3116
26.3116
26.3116
26.3116
26.3116
26.3116
26.3116
26.3116
26.3116
26.3116
26.3116
26.3201
26.3201
26.3201
26.3201
26.3237
26.3237
26.3237
26.3316
26.3316
26.3316
26.3433
26.3445
26.3656
26.3656
26.3656
26.3656
26.3668
26.3668
26.3668
26.3668
26.3668
26.3668
26.3668
26.3668
26.3668
26.3668
26.3668
26.3668
26.3668
26.3668
26.3668
26.3668
26.3668
26.3668
26.3668
26.3668
26.3668
26.3668
26.3668
26.3668
26.3668
26.3668
26.3675
26.3675
26.3675
26.3675
26.3675
