5.22161
5.22161
5.22182
5.22984
5.2424
5.2573
5.25849
5.26161
5.26656
5.2725
5.2725
5.2725
5.2725
5.2725
5.2725
5.27831
5.27831
5.27831
5.27831
5.27831
5.27831
5.27831
5.27831
5.27831
5.27831
5.27831
5.27831
5.27831
5.27831
5.27831
5.27831
5.27831
5.27831
5.27831
5.27831
5.27831
5.27831
5.27831
5.27831
5.27831
5.27831
5.27831
5.27831
5.27831
5.27831
5.27838
5.27838
5.27838
5.27838
5.27838
5.27838
5.27838
5.27838
5.27838
5.27838
5.27838
5.28312
5.28312
5.28312
5.28312
5.28312
5.29021
5.29021
5.29021
5.29021
5.29291
5.29291
5.29291
5.29291
5.29291
5.29291
5.29291
5.29291
5.29291
5.29291
5.29291
5.29291
5.29291
5.29291
5.29291
5.29291
5.29291
5.29291
5.29291
5.29291
5.29291
5.29291
5.29291
5.29291
5.29291
5.29291
5.29291
5.29291
5.29291
5.29291
5.29291
5.29291
5.29291
5.29291
5.29291
5.29291
5.29291
5.29291
5.29291
5.29291
5.29291
5.29291
5.29291
5.29291
5.29291
5.29291
5.29291
5.29291
5.29291
5.29291
5.29291
5.29291
5.29291
5.29291
5.29291
5.29291
5.29291
5.29291
5.29291
5.29291
5.29291
5.29291
5.29291
5.29291
5.29291
5.29291
5.29291
5.29291
5.29291
5.29291
5.29291
5.29291
5.29291
5.29291
5.29291
5.29291
5.29291
5.29291
5.29291
5.29291
5.29291
5.29291
5.29291
5.29291
5.29291
