5.27694
5.29746
5.29746
5.29746
5.31054
5.31054
5.31054
5.31068
5.31094
5.31094
5.31094
5.31094
5.31094
5.31094
5.31094
5.31094
5.31094
5.31094
5.31094
5.31094
5.31094
5.31094
5.31094
5.31094
5.31094
5.31094
5.31094
5.31094
5.31094
5.31094
5.31094
5.31094
5.31094
5.31094
5.31094
5.31094
5.31094
5.31094
5.31094
5.31094
5.31094
5.31094
5.31094
5.31094
5.31094
5.31541
5.31541
5.31541
5.31541
5.31541
5.31541
5.31541
5.31541
5.31541
5.31541
5.31541
5.31541
5.31541
5.31541
5.31541
5.31541
5.31541
5.31778
5.31778
5.31778
5.31778
5.31778
5.31778
5.31778
5.31778
5.31778
5.31778
5.31778
5.31778
5.31778
5.31778
5.31778
5.31778
5.31778
5.31778
5.31778
5.31778
5.31778
5.31778
5.31778
5.31778
5.31778
5.31778
5.31778
5.31778
5.31778
5.31778
5.31778
5.31778
5.31778
5.31778
5.31778
5.31778
5.31778
5.31778
5.31778
5.31778
5.31778
5.31778
5.31778
5.31778
5.31778
5.31778
5.31778
5.31778
5.31778
5.31778
5.31778
5.31778
5.31778
5.31778
5.31778
5.31778
5.31778
5.31778
5.31778
5.31778
5.31778
5.31778
5.31778
5.31778
5.31778
5.31778
5.31778
5.31778
5.31778
5.31778
5.31778
5.31778
5.31778
5.31778
5.31778
5.31778
5.31778
5.31778
5.31778
5.31778
5.31778
5.31778
5.31778
5.31778
5.31778
5.31778
5.31778
5.31778
