15.4762
15.4866
15.4642
15.4829
15.4603
15.4291
15.4472
15.4424
15.4367
15.4594
15.469
15.4493
15.4562
15.4581
15.4701
15.4701
15.457
15.4817
15.4817
15.4619
15.4626
15.4548
15.4722
15.4825
15.5043
15.5094
15.54
15.5557
15.5557
15.5557
15.5557
15.5589
15.5688
15.5689
15.5689
15.5689
15.6045
15.6045
15.6045
15.6045
15.6127
15.6127
15.6127
15.6127
15.6127
15.6129
15.6129
15.6129
15.6129
15.6129
15.6129
15.6156
15.6157
15.6366
15.6468
15.6468
15.6468
15.6468
15.6468
15.6468
15.6468
15.6726
15.6726
15.6726
15.6726
15.6726
15.6726
15.6736
15.6801
15.6801
15.6801
15.6801
15.6801
15.6801
15.7037
15.7037
15.7037
15.7139
15.7139
15.7139
15.7139
15.7176
15.7176
15.7176
15.7176
15.7176
15.7176
15.7176
15.7176
15.7176
15.7176
15.728
15.728
15.728
15.728
15.728
15.728
15.728
15.728
15.728
15.728
15.7389
15.7389
15.7389
15.7389
15.7389
15.7389
15.7389
15.7389
15.7389
15.7389
15.7389
15.7389
15.7389
15.7389
15.7389
15.7389
15.7421
15.7421
15.7421
15.7421
15.7523
15.7523
15.7523
15.7523
15.7523
15.7523
15.7523
15.7523
15.7523
15.7523
15.7523
15.7528
15.7567
15.7567
15.7567
15.7567
15.7567
15.7567
15.7567
15.7567
15.7567
15.757
15.757
15.757
15.757
15.757
