31.4324
31.5344
31.5344
31.5384
31.5633
31.5633
31.5678
31.5678
31.5987
31.5987
31.5987
31.5987
31.5987
31.5987
31.5987
31.5987
31.5987
31.5987
31.6199
31.6199
31.635
31.635
31.635
31.635
31.635
31.635
31.635
31.635
31.635
31.635
31.635
31.635
31.635
31.635
31.635
31.635
31.635
31.635
31.635
31.635
31.635
31.635
31.635
31.635
31.635
31.635
31.6458
31.6458
31.6458
31.6458
31.6458
31.6458
31.6458
31.6458
31.6458
31.6458
31.6458
31.6458
31.6458
31.6458
31.6458
31.6458
31.6458
31.6458
31.6458
31.6458
31.6458
31.6458
31.6458
31.6458
31.6458
31.6458
31.6458
31.6458
31.6458
31.6458
31.6458
31.6458
31.6458
31.6534
31.6534
31.6534
31.6534
31.6534
31.6624
31.6624
31.6624
31.6624
31.6624
31.6624
31.6655
31.6655
31.6655
31.6655
31.6655
31.6655
31.6655
31.6655
31.6726
31.6726
31.6726
31.6726
31.6726
31.6726
31.6726
31.6726
31.6726
31.6726
31.6726
31.6726
31.6726
31.6726
31.6726
31.6726
31.6726
31.673
31.673
31.673
31.673
31.673
31.673
31.673
31.673
31.673
31.673
31.673
31.673
31.673
31.673
31.673
31.673
31.673
31.673
31.673
31.68
31.68
31.68
31.68
31.68
31.68
31.6802
31.6802
31.6802
31.6802
31.6802
31.6802
31.6802
31.6802
31.6802
31.6802
