11.188 10.551
11.313 10.552
11.313 10.587
11.313 10.516
11.391 10.595
11.391 10.671
11.391 10.695
11.391 10.628
11.391 10.651
11.391 10.628
11.391 10.694
11.391 10.528
11.391 10.607
11.431 10.629
11.431 10.690
11.431 10.718
11.431 10.622
11.431 10.610
11.431 10.691
11.431 10.659
11.431 10.697
11.431 10.720
11.431 10.606
11.431 10.690
11.431 10.653
11.431 10.711
11.431 10.686
11.431 10.686
11.431 10.752
11.431 10.629
11.431 10.705
11.431 10.688
11.431 10.711
11.431 10.548
11.431 10.666
11.431 10.628
11.431 10.530
11.432 10.666
11.432 10.772
11.432 10.641
11.432 10.632
11.432 10.648
11.432 10.654
11.432 10.645
11.432 10.625
11.432 10.671
11.432 10.677
11.432 10.686
11.432 10.645
11.432 10.645
11.432 10.700
11.432 10.674
11.432 10.690
11.432 10.671
11.446 10.658
11.446 10.659
11.446 10.698
11.446 10.664
11.446 10.654
11.446 10.698
11.446 10.693
11.446 10.704
11.446 10.615
11.446 10.634
11.446 10.686
11.446 10.631
11.446 10.657
11.446 10.733
11.446 10.652
11.446 10.617
11.446 10.628
11.446 10.625
11.446 10.657
11.446 10.759
11.446 10.646
11.446 10.658
11.446 10.688
11.446 10.730
11.446 10.606
11.446 10.645
11.446 10.646
11.446 10.691
11.446 10.664
11.446 10.570
11.446 10.567
11.446 10.665
11.446 10.597
11.446 10.650
11.446 10.570
11.446 10.600
11.446 10.672
11.446 10.710
11.446 10.589
11.446 10.607
11.446 10.670
11.446 10.727
11.446 10.619
11.446 10.631
11.446 10.717
11.446 10.686
11.446 10.714
11.446 10.722
11.446 10.603
11.446 10.644
11.446 10.629
11.446 10.651
11.446 10.694
11.446 10.652
11.446 10.758
11.446 10.650
11.446 10.662
11.446 10.710
11.446 10.692
11.446 10.689
11.446 10.701
11.446 10.635
11.446 10.603
11.446 10.647
11.446 10.684
11.446 10.763
11.446 10.656
11.446 10.591
11.446 10.623
11.446 10.653
11.446 10.667
11.446 10.723
11.446 10.610
11.446 10.649
11.446 10.701
11.446 10.611
11.446 10.591
11.446 10.614
11.446 10.730
11.446 10.593
11.446 10.721
11.446 10.596
11.446 10.586
11.446 10.584
11.446 10.691
11.446 10.665
11.446 10.606
11.446 10.596
11.446 10.627
11.446 10.721
11.446 10.636
11.446 10.617
11.446 10.661
11.446 10.619
11.446 10.721
11.446 10.683
