15.485 15.676
15.505 15.741
15.517 15.765
15.517 15.765
15.517 15.765
15.517 15.765
15.517 15.765
15.517 15.765
15.542 15.920
15.542 15.920
15.588 15.950
15.588 15.950
15.588 15.950
15.588 15.950
15.588 15.950
15.588 15.950
15.588 15.950
15.588 15.950
15.588 15.950
15.588 15.950
15.588 15.950
15.588 15.950
15.588 15.950
15.588 15.950
15.588 15.950
15.588 15.950
15.588 15.950
15.588 15.950
15.588 15.950
15.588 15.950
15.588 15.950
15.588 15.950
15.588 15.950
15.588 15.950
15.588 15.950
15.588 15.950
15.588 15.950
15.588 15.950
15.599 15.956
15.599 15.956
15.599 15.956
15.599 15.956
15.599 15.956
15.599 15.956
15.599 15.956
15.599 15.956
15.599 15.956
15.599 15.956
15.599 15.956
15.599 15.956
15.664 16.044
15.664 16.044
15.664 16.044
15.664 16.044
15.664 16.044
15.664 16.044
15.664 16.044
15.664 16.044
15.664 16.044
15.664 16.044
15.664 16.044
15.664 16.044
15.664 16.044
15.664 16.044
15.664 16.044
15.664 16.044
15.664 16.044
15.664 16.044
15.664 16.044
15.664 16.044
15.664 16.044
15.664 16.044
15.664 16.044
15.664 16.044
15.664 16.044
15.664 16.044
15.664 16.044
15.664 16.044
15.664 16.044
15.664 16.044
15.664 16.044
15.664 16.044
15.664 16.044
15.664 16.044
15.664 16.044
15.664 16.044
15.664 16.044
15.664 16.044
15.664 16.044
15.664 16.044
15.664 16.044
15.664 16.044
15.664 16.044
15.664 16.044
15.664 16.044
15.664 16.044
15.664 16.044
15.664 16.044
15.664 16.044
15.664 16.044
