15.903 16.011
15.903 16.011
15.903 16.011
15.903 16.011
15.945 16.044
15.945 16.044
15.945 16.044
15.945 16.044
15.945 16.044
15.945 16.044
15.945 16.044
15.945 16.044
15.945 16.044
15.945 16.044
15.945 16.044
15.945 16.044
15.945 16.044
15.945 16.044
15.945 16.044
15.945 16.044
15.945 16.044
15.945 16.044
15.948 16.025
15.948 16.025
15.948 16.025
15.948 16.025
15.948 16.025
15.948 16.025
15.948 16.025
15.966 16.018
15.966 16.018
16.031 16.075
16.031 16.075
16.031 16.075
16.031 16.075
16.031 16.075
16.031 16.075
16.031 16.075
16.031 16.075
16.031 16.075
16.031 16.075
16.031 16.075
16.031 16.075
16.031 16.075
16.031 16.075
16.031 16.075
16.031 16.075
16.031 16.075
16.031 16.075
16.031 16.075
16.031 16.075
16.031 16.075
16.031 16.075
16.031 16.075
16.031 16.075
16.031 16.075
16.031 16.075
16.031 16.075
16.031 16.075
16.031 16.075
16.031 16.075
16.031 16.075
16.031 16.075
16.031 16.075
16.031 16.075
16.031 16.075
16.031 16.075
16.031 16.075
16.031 16.075
16.031 16.075
16.031 16.075
16.031 16.075
16.031 16.075
16.031 16.075
16.031 16.075
16.031 16.075
16.031 16.075
16.031 16.075
16.031 16.075
16.031 16.075
16.031 16.075
16.031 16.075
16.031 16.075
16.031 16.075
16.031 16.075
16.031 16.075
16.031 16.075
16.031 16.075
16.031 16.075
16.031 16.075
16.031 16.075
16.031 16.075
16.031 16.075
16.031 16.075
16.031 16.075
16.031 16.075
16.031 16.075
16.031 16.075
16.031 16.075
16.031 16.075
