15.581 15.565
15.581 15.565
15.581 15.565
15.581 15.565
15.581 15.565
15.581 15.565
15.581 15.565
15.581 15.565
15.581 15.565
15.581 15.565
15.581 15.565
15.581 15.565
15.581 15.565
15.581 15.565
15.581 15.565
15.592 15.577
15.592 15.577
15.592 15.577
15.592 15.577
15.592 15.577
15.592 15.577
15.592 15.577
15.592 15.577
15.592 15.577
15.592 15.577
15.592 15.577
15.592 15.577
15.592 15.577
15.592 15.577
15.592 15.577
15.592 15.577
15.592 15.577
15.592 15.577
15.592 15.577
15.592 15.577
15.592 15.577
15.592 15.577
15.592 15.577
15.592 15.577
15.592 15.577
15.592 15.577
15.592 15.577
15.592 15.577
15.592 15.577
15.592 15.577
15.592 15.577
15.592 15.577
15.592 15.577
15.592 15.577
15.592 15.577
15.592 15.577
15.592 15.577
15.592 15.577
15.592 15.577
15.592 15.577
15.621 15.588
15.621 15.588
15.621 15.588
15.621 15.588
15.621 15.588
15.621 15.588
15.621 15.588
15.621 15.588
15.621 15.588
15.621 15.588
15.621 15.588
15.621 15.588
15.621 15.588
15.621 15.588
15.621 15.588
15.621 15.588
15.621 15.588
15.621 15.588
15.621 15.588
15.621 15.588
15.621 15.588
15.621 15.588
15.621 15.588
15.621 15.588
15.621 15.588
15.621 15.588
15.621 15.588
15.621 15.588
15.621 15.588
15.621 15.588
15.621 15.588
15.621 15.588
15.621 15.588
15.621 15.588
15.621 15.588
15.621 15.588
15.621 15.588
15.621 15.588
15.621 15.588
15.621 15.588
15.621 15.588
15.621 15.588
15.621 15.588
15.621 15.588
15.621 15.588
