5.14206
5.14242
5.13049
5.13575
5.14407
5.13352
5.14658
5.14439
5.15429
5.17223
5.17211
5.18496
5.20636
5.16558
5.17567
5.17567
5.17617
5.17651
5.17651
5.17651
5.17651
5.17669
5.17669
5.17669
5.19315
5.19315
5.19315
5.19315
5.19315
5.1609
5.20147
5.20147
5.20147
5.20147
5.20902
5.21087
5.21087
5.21327
5.21327
5.21327
5.21327
5.21327
5.21327
5.21347
5.21347
5.21347
5.21347
5.21347
5.21347
5.22377
5.22377
5.22377
5.22377
5.22377
5.22377
5.22377
5.22377
5.22377
5.22377
5.22377
5.22377
5.22377
5.22377
5.22377
5.24367
5.24367
5.24383
5.24383
5.24383
5.24383
5.24383
5.24383
5.24575
5.24575
5.2581
5.2581
5.2581
5.2581
5.2581
5.2581
5.2581
5.2581
5.2581
5.26646
5.26646
5.26646
5.26646
5.26646
5.26646
5.26646
5.26646
5.26646
5.26646
5.26646
5.26674
5.26674
5.26674
5.26674
5.26674
5.26674
5.26674
5.26674
5.26674
5.26674
5.26674
5.26674
5.26674
5.26674
5.26674
5.26674
5.26674
5.26674
5.26674
5.26674
5.26674
5.26674
5.26674
5.26674
5.26674
5.26674
5.26674
5.26674
5.26674
5.26674
5.26674
5.26674
5.26674
5.26674
5.26674
5.26674
5.26674
5.26674
5.26674
5.26674
5.26703
5.26703
5.26703
5.26703
5.26703
5.26703
5.26703
5.26703
5.26703
5.26703
5.26703
5.26703
5.26703
