15.4962
15.53
15.53
15.53
15.53
15.5455
15.5593
15.6113
15.6113
15.6254
15.6254
15.6254
15.6409
15.6409
15.6409
15.6551
15.6706
15.6706
15.6706
15.6706
15.6706
15.6706
15.6706
15.6917
15.6917
15.6917
15.6917
15.6917
15.6917
15.6944
15.6944
15.6944
15.6944
15.6944
15.6944
15.6944
15.6944
15.6944
15.6944
15.6944
15.6944
15.6944
15.6944
15.6944
15.6944
15.6944
15.6944
15.6944
15.6944
15.6944
15.6944
15.6944
15.6944
15.6944
15.6944
15.6944
15.6944
15.6944
15.6944
15.6944
15.6944
15.6944
15.6976
15.6976
15.6976
15.698
15.699
15.699
15.699
15.699
15.699
15.699
15.699
15.699
15.699
15.699
15.699
15.699
15.699
15.699
15.699
15.699
15.699
15.699
15.7061
15.7061
15.7061
15.7061
15.7061
15.7061
15.7073
15.7098
15.7098
15.7098
15.7098
15.7098
15.7098
15.7098
15.7098
15.7134
15.7134
15.7134
15.7134
15.7134
15.7134
15.7134
15.7134
15.7134
15.7134
15.7134
15.7134
15.7134
15.7134
15.7136
15.7136
15.7136
15.7136
15.7136
15.7136
15.7136
15.7136
15.7136
15.7136
15.7136
15.7136
15.7136
15.7136
15.7136
15.7136
15.7136
15.7136
15.7136
15.7136
15.7136
15.7136
15.7136
15.7136
15.7136
15.7136
15.7136
15.7136
15.7136
15.7156
15.7156
15.7156
15.7156
15.7156
15.7156
15.7178
15.7178
