5.21556
5.21556
5.21556
5.21556
5.21556
5.21675
5.21675
5.21675
5.21675
5.21675
5.22722
5.22722
5.22722
5.23306
5.2332
5.23711
5.23711
5.23711
5.24284
5.24685
5.24685
5.24685
5.24685
5.24685
5.24685
5.24685
5.24685
5.24685
5.24685
5.24685
5.24685
5.24685
5.24685
5.24685
5.24685
5.24685
5.24685
5.24685
5.24685
5.24685
5.24685
5.24685
5.24685
5.24685
5.24685
5.24685
5.24685
5.24685
5.25086
5.25086
5.25086
5.25086
5.25086
5.25086
5.25086
5.25086
5.25086
5.25086
5.25086
5.25086
5.25086
5.26116
5.26116
5.26116
5.26116
5.26116
5.26116
5.26116
5.26116
5.26116
5.26116
5.26116
5.26116
5.27088
5.27088
5.27088
5.27088
5.27088
5.27189
5.27189
5.28167
5.28167
5.28167
5.28167
5.28167
5.28167
5.28167
5.28167
5.28167
5.28167
5.28167
5.28167
5.28167
5.28167
5.28167
5.28167
5.28167
5.28167
5.28167
5.28167
5.28167
5.28167
5.28167
5.28167
5.28167
5.28167
5.28167
5.28167
5.28167
5.28167
5.28653
5.28653
5.28653
5.28653
5.28653
5.28653
5.28653
5.28653
5.28653
5.28653
5.28653
5.28653
5.28653
5.28653
5.28653
5.28653
5.28653
5.28653
5.28653
5.28653
5.28653
5.28653
5.28653
5.28653
5.28653
5.28653
5.28653
5.28653
5.28653
5.28653
5.28653
5.28653
5.28653
5.28653
5.28653
5.28653
5.28653
5.28653
5.28653
5.28653
