20.8236
20.9323
20.9323
20.9323
20.9432
20.954
20.9598
20.9652
20.9652
20.9652
20.9652
20.9718
20.9718
20.9718
20.9718
20.9718
20.9718
20.9718
20.9718
20.9718
20.9718
20.9718
20.9718
20.9718
20.9718
20.9718
20.9718
20.9718
20.9718
20.9734
20.9734
20.9734
20.9734
20.9734
20.9734
20.9734
20.9734
20.9734
20.9734
20.9734
20.9734
20.9734
20.9734
20.9734
20.9734
20.9734
20.9734
20.9734
20.9734
20.9734
20.9734
20.9734
20.9734
20.9734
20.9734
20.9734
20.9734
20.9734
20.9734
20.9734
20.9734
20.9734
20.9768
20.9768
20.9768
20.99
20.99
20.99
20.99
20.99
20.99
20.99
20.99
20.99
20.99
20.99
20.99
20.99
20.99
20.99
20.99
20.99
20.99
20.99
20.9925
20.9925
20.9925
20.9925
20.9925
20.9925
20.9925
20.9925
20.9925
20.9925
20.9925
20.9925
20.9925
20.9925
20.9925
20.9925
20.9925
20.9925
20.9925
20.9925
20.9925
20.9925
20.9925
20.9925
20.9925
20.9925
20.9925
20.9925
20.9925
20.9925
20.9925
20.9925
20.9925
20.9925
20.9925
20.9925
20.9925
20.9925
20.9925
20.9925
20.9925
20.9925
20.9925
20.9925
20.9945
20.9945
20.9945
20.9945
20.9945
20.9945
20.9945
20.9945
20.9945
20.9945
20.9945
20.9945
20.9945
20.9945
20.9945
20.9945
20.9945
20.9945
20.9945
20.9945
20.9945
20.9945
