25.5989
25.5998
25.5821
25.5669
25.5565
25.5531
25.5529
25.5425
25.5518
25.5518
25.58
25.6037
25.6037
25.6117
25.6189
25.5999
25.641
25.6467
25.6569
25.6362
25.6542
25.656
25.6579
25.6681
25.6578
25.6578
25.643
25.6534
25.6534
25.6534
25.6609
25.6711
25.673
25.6979
25.6979
25.7003
25.7003
25.7003
25.7109
25.7109
25.7109
25.7109
25.7109
25.7533
25.7533
25.7637
25.7637
25.7637
25.7728
25.7734
25.7734
25.7734
25.7734
25.7734
25.7734
25.7734
25.7734
25.7787
25.7787
25.7883
25.7883
25.7883
25.8071
25.8071
25.8071
25.8071
25.8071
25.8071
25.8071
25.8071
25.8382
25.8382
25.8382
25.8382
25.8382
25.8513
25.8513
25.8513
25.8513
25.8513
25.8513
25.8513
25.8513
25.8513
25.8733
25.8819
25.8819
25.8819
25.8829
25.8829
25.8931
25.9219
25.9219
25.9258
25.9384
25.9384
25.9384
25.9386
25.9386
25.9386
25.9386
25.9386
25.9386
25.9386
25.9492
25.9492
25.9492
25.9492
25.9492
25.9805
25.9805
25.9805
25.9805
25.9805
25.9805
25.9867
25.9867
25.9867
25.9867
25.9867
25.9867
25.9867
25.9867
25.9867
25.9867
25.9867
25.9867
25.9867
25.9867
25.9867
25.9867
25.9867
25.9867
25.9867
25.9867
25.9959
25.9959
25.9959
25.9959
25.9959
25.9959
25.9959
25.9959
26.0061
26.0061
26.0061
26.0061
