15.4398
15.4394
15.4392
15.439
15.4261
15.4343
15.4344
15.4169
15.4083
15.3527
15.3608
15.3759
15.3736
15.3737
15.3553
15.3693
15.3795
15.3899
15.4075
15.4079
15.3798
15.3798
15.4031
15.4144
15.4068
15.4196
15.4196
15.4196
15.4196
15.4196
15.4361
15.4361
15.4361
15.4308
15.4312
15.4312
15.4312
15.4312
15.4618
15.4618
15.4618
15.4817
15.4899
15.4899
15.4899
15.4911
15.4911
15.5123
15.5123
15.5225
15.5225
15.5225
15.5243
15.5276
15.5276
15.5276
15.5276
15.5276
15.5276
15.5276
15.5276
15.5276
15.5276
15.5276
15.5276
15.5276
15.5365
15.5365
15.5365
15.5365
15.5365
15.5373
15.5373
15.5373
15.5373
15.5373
15.5373
15.5373
15.5373
15.5373
15.5517
15.5517
15.5517
15.5517
15.5517
15.5517
15.5619
15.5619
15.5637
15.5637
15.5637
15.5637
15.5637
15.5637
15.5762
15.5762
15.5762
15.5762
15.5762
15.5762
15.5762
15.5762
15.5762
15.5762
15.5762
15.5762
15.5762
15.5762
15.5762
15.5762
15.5766
15.5766
15.5968
15.6006
15.6006
15.6008
15.6008
15.6008
15.6008
15.6008
15.6008
15.6008
15.6008
15.6008
15.6008
15.6008
15.6008
15.6008
15.6008
15.6008
15.6008
15.6008
15.6008
15.6008
15.6008
15.6008
15.6008
15.6008
15.6008
15.6008
15.6008
15.6008
15.6008
15.6008
15.6008
15.6008
15.6015
