15.6703
15.7456
15.7456
15.7456
15.7456
15.7456
15.7456
15.7456
15.7528
15.7528
15.7528
15.7528
15.7632
15.7632
15.7632
15.7632
15.7632
15.7632
15.7632
15.7632
15.765
15.765
15.7728
15.7728
15.7728
15.7728
15.7728
15.7728
15.7772
15.7772
15.7772
15.7772
15.7772
15.7819
15.7819
15.7819
15.7819
15.7819
15.7819
15.7819
15.7819
15.7819
15.7819
15.7819
15.7819
15.7819
15.7819
15.7819
15.7823
15.7823
15.7823
15.7823
15.7823
15.7823
15.7823
15.7823
15.7823
15.7823
15.7823
15.7823
15.7823
15.7823
15.7823
15.7823
15.7823
15.7823
15.7823
15.7823
15.7823
15.7823
15.7823
15.7823
15.7823
15.7823
15.7823
15.7823
15.7823
15.7823
15.7823
15.7823
15.7823
15.7823
15.7823
15.7823
15.7823
15.7823
15.7823
15.7823
15.7823
15.7823
15.7823
15.7823
15.7823
15.7823
15.7823
15.7823
15.7823
15.7823
15.7823
15.7823
15.7823
15.7823
15.7823
15.7823
15.7823
15.7823
15.7823
15.7823
15.7823
15.7823
15.7823
15.7823
15.7823
15.7823
15.7823
15.7823
15.7823
15.7823
15.7823
15.7823
15.7823
15.7823
15.7823
15.7823
15.7823
15.7823
15.7823
15.7823
15.7823
15.7823
15.7823
15.7823
15.7823
15.7823
15.7823
15.7823
15.7823
15.7823
15.7823
15.7823
15.7823
15.7823
15.7823
15.7823
15.7823
15.7823
15.7823
15.7823
15.7823
15.7823
