30.9183
30.9183
30.9183
30.9183
30.9403
30.9403
30.9605
30.9605
30.9635
30.9635
30.9635
30.9668
30.9668
31.0047
31.0047
31.0047
31.0047
31.0047
31.0047
31.0656
31.0656
31.0656
31.0926
31.0926
31.0926
31.0926
31.0926
31.0926
31.0926
31.0926
31.0926
31.1005
31.1005
31.1005
31.1005
31.1042
31.1042
31.1042
31.1042
31.1042
31.1233
31.1233
31.1233
31.1233
31.1437
31.1437
31.1437
31.1437
31.1456
31.1456
31.1578
31.1578
31.1809
31.1809
31.1809
31.1809
31.1809
31.1809
31.1809
31.1809
31.1809
31.1809
31.1809
31.1809
31.1809
31.1809
31.1809
31.1809
31.1809
31.1809
31.1809
31.1809
31.1809
31.1809
31.1809
31.1809
31.1809
31.1809
31.1809
31.1809
31.1897
31.1897
31.1897
31.1897
31.2051
31.2051
31.2051
31.2405
31.2405
31.2405
31.2405
31.2405
31.2405
31.2405
31.2405
31.2405
31.2405
31.2422
31.2422
31.2422
31.2422
31.2422
31.2422
31.2422
31.2422
31.2422
31.2422
31.2422
31.2422
31.2422
31.2422
31.2422
31.2422
31.2422
31.2422
31.2422
31.2422
31.2422
31.2422
31.2422
31.2422
31.2422
31.2422
31.2422
31.2422
31.2422
31.2422
31.2422
31.2422
31.2422
31.2422
31.2422
31.2422
31.2422
31.2422
31.2422
31.2422
31.2422
31.2422
31.2422
31.2422
31.2422
31.2422
31.2422
31.2422
31.2422
31.2422
31.2422
31.2422
31.2422
