20.4883
20.521
20.5003
20.5137
20.5137
20.5424
20.5424
20.5454
20.5218
20.5524
20.5497
20.527
20.4954
20.5056
20.5056
20.5218
20.5215
20.5215
20.508
20.4993
20.5198
20.541
20.5618
20.5464
20.5465
20.5572
20.5572
20.5572
20.5572
20.5572
20.5572
20.5687
20.5792
20.5792
20.5792
20.5876
20.6057
20.6082
20.6082
20.6082
20.6082
20.6082
20.6082
20.6082
20.6082
20.6224
20.6224
20.6266
20.6373
20.6373
20.6373
20.6373
20.6506
20.6506
20.6506
20.6506
20.6506
20.6506
20.6506
20.6506
20.6506
20.6506
20.6506
20.6506
20.6506
20.6526
20.6754
20.6754
20.6754
20.6754
20.6754
20.6754
20.6754
20.7168
20.7207
20.7207
20.7207
20.7207
20.7207
20.7207
20.7207
20.7207
20.7207
20.7207
20.7207
20.7207
20.7207
20.7207
20.7207
20.7207
20.7207
20.7207
20.7207
20.7298
20.7298
20.7298
20.7298
20.7298
20.7298
20.7298
20.7298
20.7298
20.7298
20.7298
20.7298
20.7298
20.7473
20.7473
20.7473
20.7473
20.7473
20.7473
20.7479
20.7479
20.7479
20.7479
20.7479
20.7479
20.7479
20.7479
20.7479
20.7479
20.7479
20.7479
20.7479
20.7775
20.7778
20.7791
20.7791
20.7791
20.7791
20.7824
20.7824
20.7824
20.7824
20.7824
20.7824
20.7824
20.7824
20.7824
20.7824
20.7824
20.8025
20.8025
20.8025
20.8025
20.8028
