10.4662
10.4913
10.5067
10.5107
10.5115
10.5115
10.5292
10.5292
10.5292
10.5292
10.5292
10.5312
10.5377
10.5377
10.5404
10.5404
10.5404
10.5404
10.5404
10.5404
10.5404
10.5404
10.5404
10.5404
10.5404
10.5404
10.5404
10.5404
10.5404
10.5404
10.5404
10.5416
10.5416
10.5416
10.5416
10.5416
10.5416
10.5416
10.5416
10.5416
10.5416
10.5416
10.5416
10.5416
10.5416
10.5416
10.5416
10.5416
10.5416
10.5416
10.5416
10.5416
10.5416
10.5416
10.5416
10.5416
10.5416
10.5416
10.5416
10.5416
10.5416
10.5416
10.5416
10.5416
10.5416
10.5416
10.5416
10.5416
10.5416
10.5416
10.5416
10.5416
10.5416
10.5416
10.5416
10.5416
10.5416
10.5416
10.5416
10.5416
10.5416
10.5416
10.5416
10.5416
10.5416
10.5445
10.5445
10.5445
10.5445
10.5445
10.5445
10.5445
10.5445
10.5445
10.5447
10.5447
10.5447
10.5447
10.5447
10.5447
10.5447
10.5447
10.5447
10.5447
10.5447
10.5447
10.5452
10.5452
10.5452
10.5452
10.5452
10.5452
10.5452
10.5452
10.5452
10.5452
10.5452
10.5452
10.5452
10.5452
10.5452
10.5452
10.5452
10.5452
10.5452
10.5452
10.5452
10.5452
10.5452
10.5452
10.5452
10.5452
10.5452
10.5452
10.5452
10.5452
10.5452
10.5452
10.5452
10.5452
10.5452
10.5452
10.5452
10.5452
10.5452
10.5452
10.5452
10.5452
10.5452
10.5452
