10.3381
10.3882
10.3882
10.4224
10.4473
10.4473
10.4473
10.4473
10.4488
10.464
10.464
10.4656
10.4656
10.4695
10.4799
10.4799
10.4799
10.4804
10.4804
10.4804
10.4804
10.488
10.488
10.488
10.488
10.488
10.488
10.488
10.488
10.488
10.488
10.488
10.488
10.488
10.488
10.488
10.488
10.488
10.488
10.488
10.488
10.488
10.488
10.488
10.488
10.488
10.4881
10.4881
10.4881
10.4881
10.4881
10.4881
10.4914
10.4914
10.4914
10.4914
10.4914
10.4914
10.4914
10.4914
10.4914
10.4914
10.4914
10.4914
10.4943
10.4943
10.4945
10.5046
10.5046
10.5046
10.5046
10.5048
10.5048
10.5083
10.5083
10.5083
10.5083
10.5083
10.5083
10.5083
10.5083
10.5083
10.5083
10.5083
10.5083
10.5083
10.5083
10.5083
10.5083
10.5083
10.5083
10.5083
10.5083
10.5083
10.5083
10.5083
10.5083
10.5083
10.5083
10.5083
10.5083
10.5083
10.5083
10.5083
10.5083
10.5083
10.5083
10.5083
10.5083
10.5083
10.5083
10.5083
10.5083
10.5083
10.5083
10.5083
10.5083
10.5083
10.5083
10.5083
10.5083
10.5083
10.5083
10.5083
10.5083
10.5083
10.5083
10.5083
10.5083
10.5083
10.5083
10.5083
10.5083
10.5083
10.5083
10.5083
10.5083
10.5083
10.5083
10.5083
10.5083
10.5095
10.5095
10.5095
10.5126
10.5126
10.5126
10.5126
10.5126
10.5126
