20.6274
20.6274
20.6713
20.6713
20.6757
20.6845
20.6845
20.6877
20.6937
20.719
20.719
20.719
20.7238
20.7552
20.7769
20.7769
20.7769
20.7769
20.7769
20.7769
20.7769
20.7769
20.7769
20.7769
20.7911
20.7911
20.7911
20.7968
20.8061
20.8116
20.8123
20.8289
20.8289
20.8289
20.8289
20.8289
20.8289
20.8289
20.8289
20.8289
20.8289
20.8289
20.8289
20.8289
20.8289
20.8289
20.8289
20.8317
20.8317
20.8317
20.8515
20.8515
20.8515
20.8515
20.8515
20.8515
20.864
20.864
20.864
20.864
20.8746
20.8746
20.8746
20.8746
20.8746
20.8746
20.8746
20.8746
20.8746
20.8746
20.8746
20.8849
20.8849
20.8849
20.8849
20.8849
20.8849
20.8849
20.8849
20.8849
20.8849
20.8849
20.8849
20.8849
20.8849
20.8849
20.8849
20.8853
20.8853
20.8853
20.8853
20.8853
20.8853
20.8853
20.8853
20.8853
20.8853
20.8853
20.8853
20.8853
20.8853
20.8853
20.8853
20.8853
20.8853
20.8853
20.8853
20.8853
20.8853
20.8853
20.8853
20.8853
20.8853
20.8853
20.8853
20.8853
20.8853
20.8854
20.8854
20.8854
20.8854
20.8857
20.8857
20.8857
20.8857
20.8857
20.8857
20.8857
20.8857
20.8857
20.8857
20.8857
20.8857
20.8857
20.8857
20.8857
20.8857
20.8857
20.8857
20.8857
20.8857
20.8857
20.8857
20.8857
20.8857
20.8857
20.8857
20.8857
20.8857
20.8857
