31.1753
31.2512
31.2857
31.2857
31.2857
31.2857
31.2857
31.312
31.3177
31.3177
31.3177
31.3177
31.3177
31.337
31.337
31.337
31.337
31.337
31.337
31.337
31.337
31.337
31.337
31.337
31.337
31.337
31.337
31.337
31.337
31.337
31.337
31.337
31.337
31.337
31.337
31.337
31.337
31.337
31.337
31.337
31.337
31.3433
31.3433
31.3433
31.3433
31.3433
31.3433
31.3433
31.3433
31.3433
31.3433
31.3433
31.3433
31.3433
31.3433
31.3433
31.3433
31.3483
31.3483
31.3483
31.3483
31.3483
31.3483
31.3483
31.3483
31.3483
31.3483
31.3483
31.3483
31.3483
31.3483
31.3483
31.3483
31.3483
31.3483
31.3483
31.3483
31.3483
31.3483
31.3483
31.3483
31.3483
31.3483
31.3483
31.3483
31.3483
31.3483
31.3483
31.3483
31.3483
31.3483
31.3483
31.3483
31.3483
31.3483
31.3483
31.3483
31.3483
31.3483
31.3483
31.3483
31.3483
31.3483
31.3483
31.3483
31.3483
31.3483
31.3483
31.3483
31.3483
31.3556
31.3556
31.3556
31.3556
31.3556
31.3556
31.3556
31.3556
31.3556
31.3556
31.3556
31.3556
31.3556
31.3556
31.3556
31.3556
31.3556
31.3556
31.3556
31.3556
31.3556
31.3556
31.3556
31.3556
31.3556
31.3556
31.3556
31.3556
31.3556
31.3556
31.3556
31.3556
31.3556
31.3556
31.3556
31.3556
31.3556
31.3556
31.3556
31.3556
