26.0162
26.0541
26.117
26.1341
26.1341
26.1341
26.1341
26.1341
26.1341
26.1341
26.1505
26.1505
26.1505
26.1505
26.1505
26.1505
26.158
26.158
26.158
26.158
26.158
26.158
26.158
26.158
26.158
26.158
26.158
26.158
26.158
26.158
26.158
26.1612
26.1612
26.1612
26.1612
26.1612
26.1612
26.1612
26.1612
26.1661
26.1661
26.1661
26.1661
26.1661
26.1661
26.1661
26.1661
26.1661
26.1661
26.1661
26.1661
26.1661
26.1661
26.1661
26.1661
26.1661
26.1661
26.1661
26.1713
26.1713
26.1713
26.1713
26.1713
26.1713
26.1713
26.1713
26.1713
26.1713
26.1713
26.1713
26.1713
26.1713
26.1713
26.1713
26.1713
26.1713
26.1713
26.1713
26.1713
26.1713
26.1713
26.1713
26.1713
26.1713
26.1713
26.1713
26.1713
26.1713
26.1713
26.1713
26.1713
26.1713
26.1713
26.1713
26.1713
26.1713
26.1713
26.1713
26.1713
26.1713
26.1713
26.1713
26.1713
26.1713
26.1713
26.1713
26.1713
26.1713
26.1713
26.1713
26.1713
26.1713
26.1713
26.1713
26.1713
26.1713
26.1713
26.1713
26.1713
26.1713
26.1713
26.1713
26.1713
26.1713
26.1713
26.1713
26.1713
26.1713
26.1713
26.1713
26.1713
26.1713
26.1713
26.1713
26.1713
26.1713
26.1713
26.1713
26.1713
26.1713
26.1713
26.1713
26.1713
26.1713
26.1713
26.1713
26.1713
26.1713
26.1713
26.1713
