30.8276
30.8281
30.8279
30.8368
30.8368
30.8572
30.8665
30.8749
30.8543
30.8829
30.8746
30.8984
30.8876
30.9182
30.9182
30.9182
30.9285
30.9285
30.9391
30.924
30.9167
30.9069
30.876
30.8725
30.8725
30.8725
30.8725
30.8725
30.8227
30.8227
30.8227
30.8431
30.8431
30.8431
30.8431
30.8431
30.847
30.8517
30.8517
30.9132
30.9132
30.9132
30.9136
30.9136
30.9136
30.9136
30.9136
30.916
30.916
30.916
30.916
30.9259
30.9259
30.9259
30.9452
30.9452
30.9452
30.9452
30.9462
30.9462
30.9655
30.9661
30.9665
30.9665
30.9665
30.9665
30.9665
30.969
30.969
30.9708
30.9708
30.9708
30.9747
30.9747
30.9747
30.9747
30.9876
30.9876
30.9876
30.9876
30.998
31.0083
31.0083
31.0264
31.0308
31.0308
31.0308
31.0308
31.0308
31.0371
31.0371
31.0371
31.0371
31.0371
31.0371
31.0371
31.0371
31.0371
31.0371
31.0371
31.0371
31.0438
31.0438
31.0438
31.0438
31.0438
31.0438
31.0438
31.0497
31.0497
31.0497
31.0497
31.0497
31.0497
31.0497
31.0497
31.0497
31.0497
31.0497
31.0497
31.0497
31.0497
31.0497
31.0497
31.0497
31.0497
31.0585
31.0585
31.0585
31.0585
31.0585
31.0585
31.0585
31.0585
31.0585
31.0667
31.0667
31.0667
31.0667
31.0667
31.0667
31.0667
31.0667
31.0667
31.0667
31.098
31.098
