5.23494
5.25391
5.27103
5.27377
5.29051
5.2906
5.2906
5.29071
5.29071
5.29239
5.29725
5.29725
5.29725
5.29725
5.29725
5.29725
5.29725
5.29725
5.29725
5.29725
5.29725
5.29725
5.29725
5.29725
5.29725
5.29725
5.29725
5.29725
5.29725
5.29725
5.29725
5.29725
5.29725
5.29725
5.29725
5.29725
5.29725
5.29725
5.29725
5.29725
5.29725
5.29725
5.29725
5.29725
5.29725
5.29725
5.29725
5.29725
5.29725
5.29725
5.29725
5.29725
5.29725
5.29725
5.29725
5.29725
5.29725
5.29725
5.29725
5.29725
5.29725
5.29725
5.29725
5.29725
5.29725
5.29725
5.29725
5.29725
5.29725
5.29725
5.29725
5.29725
5.29725
5.29725
5.29725
5.29725
5.29725
5.29725
5.29725
5.30041
5.30041
5.30041
5.30041
5.30041
5.30041
5.30041
5.30041
5.30041
5.30041
5.30041
5.30041
5.30041
5.30041
5.30041
5.30041
5.30041
5.30041
5.30041
5.30041
5.30041
5.30041
5.30041
5.30041
5.30041
5.30041
5.30041
5.30041
5.30041
5.30041
5.30041
5.30041
5.30041
5.30041
5.30041
5.30041
5.30041
5.30041
5.30041
5.30041
5.30041
5.30041
5.30041
5.30041
5.30041
5.30041
5.30041
5.30041
5.30041
5.30041
5.30041
5.30041
5.30041
5.30041
5.30041
5.30041
5.30041
5.30041
5.30041
5.30041
5.30041
5.30041
5.30041
5.30041
5.30041
5.30041
5.30041
5.30041
5.30041
5.30041
5.30041
