25.7522
25.7607
25.8398
25.8398
25.8398
25.8398
25.8419
25.8419
25.8419
25.8514
25.8983
25.8983
25.8983
25.8983
25.9377
25.9377
25.9377
25.9377
25.9377
25.97
25.97
25.97
25.97
25.97
25.97
25.97
25.97
25.9756
25.9756
25.9756
25.9763
25.9972
25.9972
25.9972
25.9972
25.9972
26.0307
26.0307
26.0307
26.0307
26.0307
26.0307
26.0307
26.0307
26.0307
26.0307
26.0307
26.0566
26.0566
26.0566
26.0566
26.0566
26.0566
26.0566
26.0566
26.0566
26.0566
26.0566
26.0566
26.0566
26.0566
26.0566
26.0566
26.0566
26.0566
26.0566
26.0566
26.0566
26.0567
26.0567
26.0567
26.0766
26.0766
26.0778
26.0778
26.0778
26.0778
26.0778
26.0778
26.0778
26.0778
26.0778
26.0778
26.0778
26.0778
26.0778
26.0778
26.0778
26.0778
26.0796
26.0796
26.0796
26.0796
26.085
26.085
26.085
26.085
26.085
26.085
26.085
26.085
26.085
26.085
26.085
26.085
26.085
26.085
26.085
26.085
26.085
26.085
26.085
26.085
26.085
26.085
26.085
26.085
26.085
26.085
26.085
26.085
26.085
26.085
26.085
26.085
26.085
26.085
26.085
26.085
26.085
26.085
26.085
26.085
26.085
26.085
26.085
26.085
26.085
26.085
26.085
26.085
26.085
26.085
26.085
26.085
26.085
26.085
26.085
26.085
26.085
