10.2738
10.3009
10.2796
10.2616
10.2413
10.2515
10.2908
10.3247
10.3145
10.2746
10.2976
10.2976
10.2976
10.3269
10.3269
10.3348
10.3459
10.3667
10.3572
10.3667
10.3667
10.3749
10.3751
10.3777
10.3355
10.3562
10.3562
10.3689
10.3689
10.3657
10.3657
10.3788
10.3788
10.3896
10.3896
10.3896
10.3896
10.3896
10.3896
10.392
10.392
10.392
10.392
10.392
10.392
10.392
10.392
10.3924
10.4111
10.4111
10.4111
10.4111
10.4111
10.4111
10.4111
10.4111
10.4111
10.4111
10.4337
10.4337
10.4337
10.4337
10.4337
10.4337
10.4337
10.4337
10.4337
10.4337
10.4337
10.4337
10.4337
10.4337
10.4337
10.4337
10.4337
10.4337
10.4337
10.4337
10.4342
10.4342
10.4342
10.4342
10.4342
10.4342
10.4342
10.4342
10.4342
10.4342
10.4342
10.4342
10.4342
10.4342
10.4494
10.4494
10.4494
10.4494
10.4494
10.4494
10.4494
10.4494
10.4494
10.4494
10.4494
10.4508
10.4508
10.4508
10.4508
10.4508
10.4508
10.4508
10.4532
10.4532
10.4532
10.4532
10.4532
10.4532
10.4532
10.4532
10.4532
10.4532
10.4532
10.4609
10.4664
10.4664
10.4681
10.4766
10.4766
10.4766
10.4766
10.4766
10.4766
10.4766
10.4766
10.4766
10.4766
10.4766
10.4766
10.4766
10.4766
10.4919
10.4919
10.4919
10.4919
10.4919
10.4919
10.4919
10.4919
