5.34337
5.34933
5.34933
5.36915
5.36915
5.38135
5.38135
5.38135
5.38135
5.38135
5.38175
5.38175
5.39275
5.39275
5.39315
5.39315
5.39315
5.39315
5.39315
5.39315
5.39315
5.39315
5.39315
5.39315
5.39315
5.39315
5.39315
5.39315
5.39315
5.39315
5.39315
5.39315
5.39315
5.39315
5.39315
5.39315
5.39315
5.39315
5.39315
5.39315
5.39315
5.39315
5.39315
5.39315
5.39315
5.39315
5.39315
5.39315
5.39315
5.39741
5.39741
5.39741
5.39741
5.39741
5.3987
5.3987
5.3987
5.41921
5.41921
5.41921
5.41921
5.41921
5.41921
5.41921
5.41921
5.41921
5.42908
5.42908
5.42908
5.42908
5.43859
5.43859
5.43859
5.43859
5.43859
5.43859
5.43859
5.43859
5.43859
5.43859
5.43859
5.43859
5.43859
5.43859
5.43859
5.43859
5.43859
5.43859
5.43859
5.43859
5.43859
5.43859
5.43859
5.43859
5.43859
5.43859
5.43859
5.43859
5.43859
5.43859
5.43859
5.43859
5.43859
5.43859
5.43859
5.43859
5.43859
5.43859
5.43859
5.43859
5.43859
5.43859
5.43859
5.43859
5.43859
5.43859
5.43859
5.43859
5.43859
5.43859
5.43859
5.43859
5.43885
5.43885
5.43885
5.43885
5.43885
5.43885
5.43885
5.43885
5.43885
5.43885
5.43885
5.43885
5.43885
5.43885
5.43885
5.43885
5.43885
5.43885
5.43911
5.43911
5.43911
5.43911
5.43911
5.43911
5.43911
5.43911
5.43911
5.43911
