10.5747
10.5815
10.5942
10.5942
10.6472
10.6472
10.6472
10.6472
10.6587
10.6743
10.6743
10.6882
10.6882
10.6882
10.7012
10.7012
10.7012
10.7012
10.7121
10.7121
10.7121
10.7121
10.7497
10.7497
10.7619
10.7619
10.7619
10.7619
10.7619
10.7619
10.7619
10.7619
10.7619
10.7619
10.7619
10.7619
10.7619
10.7619
10.762
10.7641
10.7641
10.7641
10.7641
10.7641
10.7701
10.7701
10.7701
10.7701
10.785
10.785
10.785
10.785
10.785
10.785
10.785
10.785
10.785
10.785
10.785
10.785
10.785
10.785
10.785
10.785
10.785
10.785
10.785
10.785
10.785
10.785
10.785
10.785
10.785
10.785
10.785
10.785
10.785
10.785
10.785
10.785
10.785
10.785
10.785
10.785
10.785
10.785
10.785
10.785
10.785
10.785
10.785
10.785
10.785
10.785
10.785
10.785
10.785
10.785
10.785
10.785
10.785
10.785
10.785
10.785
10.785
10.785
10.785
10.785
10.785
10.785
10.785
10.785
10.785
10.785
10.785
10.785
10.785
10.785
10.785
10.785
10.785
10.785
10.785
10.785
10.785
10.785
10.785
10.785
10.785
10.785
10.785
10.785
10.785
10.785
10.785
10.785
10.785
10.785
10.785
10.785
10.785
10.785
10.785
10.785
10.785
10.785
10.785
10.785
10.785
10.785
