31.1135
31.0817
31.0923
31.1218
31.1403
31.0946
31.0946
31.0998
31.0971
31.1412
31.199
31.2411
31.2555
31.2555
31.2666
31.2496
31.217
31.2593
31.2007
31.2134
31.1699
31.1956
31.2295
31.2329
31.2424
31.2158
31.2158
31.2158
31.2373
31.2373
31.2373
31.2373
31.2373
31.2373
31.2581
31.2581
31.2682
31.2682
31.2786
31.2941
31.2984
31.2984
31.2984
31.2984
31.2984
31.2984
31.2984
31.2984
31.3099
31.3313
31.3543
31.3543
31.3591
31.3857
31.3857
31.3857
31.3857
31.3857
31.3857
31.4394
31.4394
31.4495
31.4495
31.4587
31.4587
31.4641
31.466
31.466
31.466
31.4898
31.4898
31.4898
31.4898
31.4941
31.4941
31.4941
31.4941
31.4941
31.5251
31.5251
31.5251
31.5289
31.5289
31.5511
31.5511
31.5655
31.5655
31.5655
31.5655
31.5655
31.5655
31.5655
31.5655
31.5655
31.5655
31.5655
31.5655
31.5655
31.5655
31.5655
31.5655
31.5655
31.5655
31.5655
31.5655
31.5769
31.5769
31.5769
31.5769
31.5769
31.5769
31.5845
31.5845
31.5845
31.5845
31.5845
31.5845
31.5845
31.5845
31.5845
31.5946
31.5946
31.5946
31.5946
31.5946
31.6136
31.6136
31.6136
31.6136
31.6136
31.6136
31.6217
31.6318
31.6318
31.6318
31.6318
31.6318
31.6318
31.6318
31.6318
31.6318
31.6318
31.6318
31.6318
31.6318
31.6318
31.6318
