5.1769
5.1982
5.23162
5.23152
5.28968
5.25738
5.22504
5.2216
5.18302
5.19388
5.19388
5.22082
5.24192
5.23959
5.26383
5.26383
5.28453
5.23201
5.2346
5.2035
5.2187
5.22862
5.23911
5.28088
5.29179
5.29149
5.29149
5.25768
5.25768
5.27998
5.27998
5.27998
5.29752
5.29752
5.29752
5.29752
5.30759
5.30759
5.31979
5.31979
5.31979
5.31979
5.32261
5.34561
5.34561
5.34561
5.34561
5.34561
5.34561
5.34561
5.34561
5.34561
5.35624
5.35624
5.35624
5.38395
5.38395
5.38395
5.38395
5.38395
5.38395
5.38395
5.38395
5.38395
5.407
5.407
5.407
5.407
5.407
5.407
5.407
5.407
5.407
5.407
5.407
5.407
5.407
5.407
5.4188
5.4188
5.4188
5.4188
5.4188
5.4282
5.4282
5.4282
5.4282
5.4282
5.4282
5.4503
5.4503
5.4503
5.4503
5.4503
5.4503
5.4503
5.4503
5.4503
5.4503
5.4503
5.4503
5.4503
5.4503
5.4503
5.4503
5.4503
5.4503
5.4503
5.4503
5.4503
5.4503
5.4503
5.4503
5.4503
5.46053
5.46053
5.46053
5.46053
5.46053
5.46053
5.46053
5.46053
5.46053
5.46053
5.46053
5.46053
5.46053
5.46053
5.46053
5.46053
5.46053
5.46053
5.46053
5.46053
5.46053
5.46053
5.46053
5.46053
5.46053
5.46053
5.46053
5.46053
5.46053
5.46053
5.46053
5.46053
5.46053
