16.0672
16.0672
16.1074
16.1074
16.1074
16.1074
16.1348
16.1549
16.1549
16.1549
16.1549
16.1549
16.1549
16.1549
16.161
16.161
16.161
16.1619
16.1619
16.1619
16.1619
16.1619
16.1619
16.1619
16.1662
16.1662
16.1662
16.1662
16.1662
16.1662
16.1662
16.1662
16.1662
16.1744
16.1744
16.1744
16.1744
16.1744
16.1744
16.1744
16.1744
16.1744
16.1744
16.1744
16.1744
16.1744
16.1744
16.1744
16.1744
16.1744
16.1744
16.1744
16.1744
16.1744
16.1744
16.1744
16.1744
16.1744
16.1744
16.1744
16.1744
16.1744
16.1744
16.1744
16.1744
16.1744
16.1744
16.1744
16.1744
16.1744
16.1744
16.1744
16.1744
16.1744
16.1744
16.1744
16.1744
16.1744
16.1744
16.1744
16.1744
16.1744
16.1744
16.1744
16.1744
16.1744
16.1744
16.1744
16.1744
16.1744
16.1744
16.1744
16.1744
16.1744
16.1759
16.1759
16.1759
16.1759
16.1759
16.1759
16.1759
16.1759
16.1759
16.1818
16.1818
16.1818
16.1818
16.1818
16.1818
16.1818
16.1818
16.1818
16.1818
16.1818
16.1818
16.1818
16.1818
16.1818
16.1818
16.1818
16.1818
16.1818
16.1818
16.1818
16.1818
16.1818
16.1818
16.1818
16.1818
16.1818
16.1818
16.1818
16.1818
16.1818
16.1818
16.1818
16.1818
16.1818
16.1818
16.1818
16.1818
16.1818
16.1818
16.1818
16.1818
16.1818
16.1818
16.1818
16.1818
16.1818
