31.8042
31.829
31.8734
31.8734
31.9155
31.9155
31.9155
31.9155
31.9155
31.9155
31.9155
31.9155
31.9155
31.9155
31.9155
31.9155
31.9159
31.9159
31.9159
31.9159
31.9159
31.9159
31.9159
31.9159
31.9159
31.9159
31.9159
31.9159
31.9159
31.9159
31.9159
31.9159
31.9159
31.9159
31.9159
31.9159
31.9159
31.9159
31.9159
31.9159
31.9159
31.9159
31.9159
31.9159
31.9159
31.9159
31.9159
31.9159
31.9159
31.9159
31.9159
31.9159
31.9159
31.9159
31.9159
31.9159
31.9159
31.9159
31.9159
31.9159
31.9159
31.9159
31.9159
31.9159
31.9159
31.9159
31.9159
31.9159
31.9159
31.9159
31.9159
31.9159
31.9159
31.9159
31.9159
31.9159
31.9159
31.9159
31.9159
31.9252
31.9252
31.9252
31.9252
31.9252
31.943
31.943
31.943
31.943
31.943
31.943
31.943
31.943
31.943
31.943
31.943
31.943
31.943
31.943
31.943
31.943
31.943
31.943
31.943
31.943
31.943
31.943
31.943
31.943
31.943
31.943
31.943
31.943
31.943
31.943
31.943
31.943
31.943
31.943
31.943
31.943
31.943
31.943
31.943
31.943
31.943
31.943
31.943
31.943
31.943
31.943
31.943
31.943
31.943
31.943
31.943
31.943
31.943
31.943
31.943
31.943
31.943
31.943
31.943
31.943
31.943
31.943
31.943
31.943
31.943
31.943
