21.3553
21.3808
21.3808
21.3808
21.3932
21.3932
21.3932
21.4171
21.4171
21.4171
21.4171
21.4171
21.4171
21.4171
21.4171
21.4171
21.4234
21.4234
21.4234
21.4234
21.4234
21.4234
21.4234
21.4234
21.4252
21.4252
21.4252
21.4252
21.4345
21.4398
21.4398
21.4398
21.4398
21.4398
21.4398
21.4398
21.4398
21.4398
21.4398
21.4398
21.4398
21.4398
21.4398
21.4398
21.4398
21.4398
21.4398
21.4398
21.4398
21.4398
21.4398
21.4398
21.4398
21.4398
21.4398
21.4508
21.4508
21.4557
21.4557
21.4557
21.4557
21.4557
21.4557
21.4557
21.4557
21.4557
21.4557
21.4557
21.4557
21.4557
21.4557
21.4557
21.4557
21.4557
21.4557
21.4557
21.4557
21.4592
21.4592
21.4592
21.4592
21.4592
21.4592
21.4592
21.4592
21.4592
21.4592
21.4592
21.4592
21.4592
21.4592
21.4592
21.4592
21.4592
21.4592
21.4592
21.4592
21.4592
21.4592
21.4592
21.4592
21.4592
21.4592
21.4592
21.4592
21.4592
21.4592
21.4592
21.4592
21.4592
21.4592
21.4592
21.4592
21.4592
21.4592
21.4592
21.4592
21.4592
21.4592
21.4592
21.4592
21.4592
21.4592
21.4592
21.4592
21.4592
21.4592
21.4592
21.4592
21.4592
21.4592
21.4592
21.4592
21.4592
21.4592
21.4592
21.4592
21.4592
21.4592
21.4592
21.4592
21.4592
21.4592
21.4592
21.4592
21.4592
21.4592
21.4592
21.4592
21.4592
