20.9375
20.9333
20.9246
20.9133
20.917
20.9701
20.9615
20.9931
21.0462
21.046
21.0609
21.0609
21.0183
20.9997
20.9913
20.9913
20.9701
20.9798
20.9798
20.9798
20.9534
20.9534
20.9534
20.9534
20.9981
20.998
21.0267
21.0267
21.0267
21.0267
21.064
21.064
21.064
21.064
21.064
21.0329
21.0329
21.0329
21.0329
21.0329
21.0329
21.0855
21.0855
21.0855
21.0855
21.0855
21.0855
21.094
21.094
21.1203
21.131
21.131
21.1313
21.1313
21.1313
21.1313
21.1313
21.1313
21.1313
21.1313
21.1313
21.1313
21.1313
21.1313
21.1313
21.1313
21.1313
21.1313
21.1313
21.1313
21.1313
21.1313
21.1313
21.171
21.171
21.171
21.171
21.171
21.171
21.171
21.171
21.171
21.171
21.1721
21.1822
21.1822
21.1822
21.1822
21.1822
21.1822
21.1822
21.1822
21.1822
21.1822
21.1822
21.1822
21.1822
21.1822
21.1924
21.1924
21.1924
21.1924
21.1924
21.1924
21.1926
21.1926
21.1926
21.1926
21.1926
21.2241
21.2241
21.2241
21.2241
21.2241
21.2241
21.2345
21.2345
21.2345
21.2345
21.2345
21.2345
21.2345
21.2345
21.2345
21.2345
21.2345
21.2345
21.2345
21.2345
21.2345
21.2345
21.2345
21.2345
21.2345
21.2345
21.2345
21.2345
21.2345
21.2345
21.2345
21.2345
21.2345
21.2345
21.2345
21.2345
21.2435
21.2435
