10.4311
10.4727
10.5116
10.5191
10.4805
10.4805
10.4594
10.47
10.4759
10.5183
10.5115
10.5108
10.5116
10.5201
10.5272
10.5002
10.5002
10.528
10.5827
10.5601
10.5229
10.5168
10.5168
10.5168
10.5168
10.5268
10.5268
10.5477
10.5306
10.5306
10.5306
10.5306
10.5306
10.5385
10.5385
10.5385
10.5385
10.5578
10.5578
10.5661
10.5974
10.5974
10.637
10.637
10.6456
10.6456
10.6456
10.6677
10.6677
10.6677
10.6677
10.6677
10.6677
10.6677
10.6677
10.6677
10.7002
10.7002
10.7002
10.7002
10.7002
10.7002
10.7002
10.7002
10.7002
10.7002
10.7002
10.7002
10.7002
10.7002
10.7002
10.7002
10.7002
10.7002
10.7002
10.7002
10.7002
10.7002
10.7002
10.7002
10.7002
10.7002
10.7002
10.7002
10.7002
10.7002
10.7002
10.7002
10.7002
10.7002
10.7002
10.7245
10.7245
10.7245
10.7245
10.7245
10.7245
10.7245
10.7245
10.7245
10.7245
10.7305
10.7305
10.7374
10.7374
10.7374
10.7374
10.7374
10.7374
10.7397
10.7397
10.7397
10.7397
10.7397
10.7574
10.7574
10.7574
10.7574
10.7574
10.7574
10.7574
10.7574
10.7574
10.7574
10.7574
10.7574
10.7574
10.7574
10.7574
10.7574
10.7574
10.7574
10.7574
10.7574
10.7574
10.7574
10.7574
10.7679
10.7679
10.7679
10.7679
10.7679
10.7679
10.7679
10.7679
10.7679
10.7679
