26.2479
26.2804
26.2808
26.3464
26.3853
26.3853
26.4323
26.4346
26.4346
26.4705
26.4705
26.4956
26.5157
26.5157
26.5157
26.5157
26.5157
26.5157
26.5157
26.5157
26.5157
26.5157
26.5157
26.5157
26.5157
26.5157
26.5229
26.5229
26.5229
26.5229
26.5229
26.5229
26.5229
26.5229
26.5229
26.5229
26.5229
26.5229
26.5229
26.5229
26.5229
26.5229
26.5229
26.5229
26.5229
26.5229
26.5412
26.5412
26.5412
26.5412
26.5526
26.5526
26.5526
26.5526
26.5539
26.5539
26.5539
26.5539
26.5539
26.5539
26.5539
26.5539
26.5539
26.5539
26.5539
26.5539
26.5539
26.5551
26.5551
26.5551
26.5551
26.5551
26.5551
26.5551
26.5551
26.5551
26.5614
26.567
26.567
26.567
26.567
26.567
26.567
26.567
26.567
26.567
26.567
26.567
26.5699
26.5699
26.5699
26.5699
26.5699
26.5699
26.5699
26.5699
26.5699
26.5699
26.5699
26.5699
26.5773
26.5773
26.5773
26.5773
26.5773
26.5773
26.5773
26.5773
26.5773
26.5773
26.5773
26.5843
26.5843
26.5843
26.5843
26.5843
26.5843
26.5843
26.5843
26.5843
26.5843
26.5843
26.5984
26.5984
26.5984
26.5984
26.5984
26.5984
26.5984
26.5984
26.5984
26.5984
26.5984
26.5984
26.5984
26.5984
26.6002
26.6002
26.6002
26.6002
26.6002
26.6002
26.6002
26.6002
26.6002
26.6002
26.6002
26.6002
26.6002
26.6002
