31.3939
31.3939
31.3949
31.3949
31.4297
31.4297
31.4514
31.5106
31.5106
31.5106
31.5106
31.5404
31.5404
31.5404
31.5547
31.5547
31.56
31.578
31.578
31.578
31.578
31.5806
31.5806
31.5971
31.5971
31.5971
31.604
31.6287
31.683
31.683
31.683
31.683
31.688
31.7016
31.7016
31.7016
31.7016
31.7016
31.7016
31.7016
31.7016
31.7016
31.7016
31.7084
31.7084
31.7084
31.7084
31.7167
31.718
31.718
31.718
31.718
31.718
31.718
31.718
31.718
31.7334
31.7334
31.7334
31.7334
31.7334
31.7334
31.7334
31.7334
31.7334
31.7334
31.7334
31.7518
31.7518
31.7518
31.7518
31.7518
31.7518
31.7518
31.7518
31.7518
31.7518
31.7518
31.7518
31.7518
31.7518
31.7518
31.7585
31.7585
31.7585
31.7585
31.7585
31.7585
31.7585
31.7585
31.7585
31.7585
31.7616
31.7989
31.7989
31.7989
31.7989
31.8138
31.8138
31.8138
31.8138
31.8138
31.8138
31.8138
31.8138
31.8138
31.8138
31.8138
31.8138
31.8138
31.8138
31.8138
31.8138
31.8138
31.8138
31.8138
31.8138
31.8138
31.8138
31.8138
31.8138
31.8138
31.8138
31.8138
31.8138
31.8138
31.8138
31.8138
31.8138
31.8138
31.8138
31.8138
31.8138
31.8138
31.8138
31.8138
31.8138
31.8138
31.8138
31.8138
31.8138
31.8138
31.8138
31.8138
31.8175
31.8175
31.8175
31.8175
31.8175
31.8175
