26.4872
26.6285
26.6285
26.6285
26.6618
26.6618
26.6618
26.6618
26.6618
26.6618
26.6618
26.6618
26.6618
26.6618
26.6618
26.6618
26.6621
26.6621
26.6621
26.6637
26.6637
26.6743
26.6743
26.6743
26.7087
26.7087
26.7133
26.7133
26.7133
26.7133
26.7133
26.7133
26.7133
26.7133
26.7133
26.7133
26.7133
26.7133
26.7133
26.7133
26.7133
26.7133
26.7133
26.7133
26.7133
26.7133
26.7133
26.7133
26.7133
26.7133
26.7133
26.7133
26.7133
26.7133
26.7133
26.7133
26.7133
26.7133
26.7133
26.7133
26.7133
26.7133
26.7133
26.7133
26.7133
26.7133
26.7133
26.7133
26.7133
26.7133
26.7133
26.7133
26.7133
26.7133
26.7133
26.7133
26.7133
26.7133
26.7285
26.7285
26.7285
26.7285
26.7285
26.7285
26.7285
26.7285
26.7285
26.7285
26.7285
26.7285
26.7285
26.7285
26.7285
26.7285
26.7285
26.7285
26.7285
26.7285
26.7285
26.7285
26.7285
26.7285
26.7285
26.7285
26.7285
26.7285
26.7285
26.7285
26.7285
26.7285
26.7285
26.7285
26.7285
26.7285
26.7285
26.7285
26.7285
26.7285
26.7285
26.7285
26.7285
26.7285
26.7285
26.7285
26.7285
26.7285
26.7285
26.7285
26.7285
26.7285
26.7285
26.7285
26.7285
26.7285
26.7285
26.7285
26.7285
26.7285
26.7285
26.7285
26.7285
26.7285
26.7285
26.7285
26.7285
26.7285
26.7285
26.7285
26.7285
26.7285
