26.0933
26.0933
26.0996
26.1432
26.1345
26.1345
26.1525
26.1599
26.1033
26.1165
26.1064
26.1156
26.1152
26.1663
26.175
26.1896
26.216
26.2347
26.1889
26.2146
26.2013
26.166
26.1701
26.1313
26.1313
26.142
26.142
26.142
26.142
26.1552
26.1819
26.1817
26.1817
26.1817
26.196
26.2088
26.2088
26.2129
26.2297
26.2508
26.2711
26.2711
26.2909
26.2909
26.2909
26.2958
26.296
26.296
26.3078
26.3078
26.3282
26.3397
26.3397
26.3397
26.3397
26.3576
26.3588
26.3669
26.3669
26.3669
26.3965
26.415
26.415
26.4309
26.4309
26.4309
26.4309
26.4309
26.4309
26.4309
26.4309
26.432
26.4396
26.4396
26.4396
26.4396
26.4396
26.4396
26.4396
26.4655
26.4655
26.4655
26.4655
26.4655
26.4655
26.4655
26.4655
26.4655
26.4655
26.4655
26.4655
26.4655
26.4655
26.4655
26.4655
26.4769
26.4769
26.4772
26.4772
26.4772
26.4772
26.4772
26.4772
26.4772
26.4772
26.4772
26.4772
26.4772
26.4849
26.4849
26.4849
26.4849
26.4849
26.4849
26.4849
26.4849
26.4849
26.4849
26.4849
26.4849
26.4849
26.4849
26.4849
26.4849
26.4849
26.4849
26.4849
26.4849
26.4849
26.4849
26.4849
26.4849
26.4849
26.4849
26.4849
26.4849
26.4849
26.4857
26.4857
26.4857
26.4857
26.4857
26.4857
26.4857
26.4857
26.4857
26.4857
