21.0077
21.0661
21.0773
21.0773
21.1007
21.1237
21.149
21.1543
21.1611
21.1611
21.1611
21.1611
21.1611
21.1895
21.1897
21.2139
21.2152
21.2291
21.2291
21.2291
21.2291
21.2291
21.2291
21.2431
21.2583
21.2583
21.2678
21.2678
21.2678
21.2793
21.2793
21.2793
21.2793
21.2793
21.2793
21.2793
21.2853
21.3002
21.3002
21.3002
21.3002
21.3002
21.3002
21.3002
21.3002
21.3002
21.3002
21.301
21.3109
21.312
21.312
21.312
21.312
21.3223
21.3223
21.3223
21.3223
21.3223
21.3223
21.3223
21.3223
21.3223
21.3223
21.3223
21.3223
21.3223
21.3223
21.3223
21.3223
21.3223
21.3223
21.3223
21.3223
21.3223
21.3223
21.3223
21.3223
21.3223
21.3223
21.3223
21.3223
21.3223
21.3223
21.3223
21.3223
21.3223
21.3223
21.3223
21.3223
21.3223
21.3223
21.3223
21.3223
21.3223
21.3223
21.3223
21.3223
21.3223
21.3223
21.3223
21.3223
21.3223
21.3223
21.3223
21.3223
21.3223
21.3223
21.3223
21.3223
21.3223
21.3223
21.3223
21.3223
21.3223
21.3223
21.3223
21.3223
21.3223
21.3223
21.3223
21.3223
21.3223
21.3223
21.3223
21.3223
21.3223
21.3223
21.3473
21.3473
21.3473
21.3473
21.3473
21.3473
21.3473
21.3473
21.3473
21.3473
21.3473
21.3473
21.3473
21.3473
21.3473
21.3473
21.3473
21.3473
21.3473
21.3473
21.3473
21.3473
21.3473
