15.7383
15.7165
15.6935
15.7065
15.6603
15.677
15.6665
15.6417
15.6323
15.5898
15.5898
15.6316
15.6061
15.6268
15.6165
15.5675
15.5675
15.6149
15.6571
15.6614
15.6289
15.614
15.6357
15.6562
15.6368
15.6592
15.6592
15.604
15.6355
15.6683
15.6683
15.6683
15.6683
15.6683
15.6925
15.6925
15.715
15.715
15.715
15.692
15.7024
15.7024
15.7029
15.7121
15.7121
15.7203
15.7203
15.7203
15.7203
15.7203
15.7307
15.7528
15.7853
15.8343
15.8545
15.8545
15.8545
15.8649
15.8649
15.8649
15.8649
15.8677
15.8677
15.9146
15.9146
15.9146
15.9265
15.9265
15.9265
15.9265
15.9302
15.9302
15.9302
15.9302
15.9302
15.9302
15.9302
15.9302
15.9302
15.9302
15.9302
15.9302
15.9302
15.9302
15.9302
15.9302
15.9302
15.9302
15.9302
15.9302
15.9302
15.9302
15.9302
15.9302
15.9484
15.9484
15.9484
15.9484
15.9484
15.9484
15.9484
15.9484
15.9484
15.9501
15.9501
15.9501
15.9501
15.9501
15.9501
15.9501
15.9501
15.9501
15.9501
15.9501
15.9501
15.9501
15.9501
15.9501
15.9501
15.9501
15.9501
15.9501
15.9501
15.9501
15.9501
15.9501
15.9501
15.9501
15.9501
15.9707
15.9707
15.9707
15.9707
15.9707
15.9707
15.9707
15.9972
15.9972
16.0038
16.0038
16.0038
16.0038
16.0038
16.0038
16.0038
16.0038
16.0038
