10.7002
10.7323
10.7791
10.7904
10.8094
10.8153
10.8315
10.8315
10.8315
10.8315
10.8315
10.8315
10.8315
10.8418
10.8478
10.85
10.85
10.85
10.85
10.85
10.85
10.85
10.85
10.85
10.8587
10.8587
10.8587
10.8587
10.8587
10.8587
10.8587
10.8587
10.8587
10.8587
10.8587
10.8587
10.8587
10.8587
10.8587
10.8587
10.8587
10.8587
10.8587
10.8587
10.8587
10.8587
10.8587
10.8587
10.8587
10.8587
10.8587
10.8587
10.8587
10.8587
10.8587
10.8587
10.8587
10.8587
10.8587
10.8587
10.8587
10.8587
10.8587
10.8587
10.8587
10.8587
10.8587
10.8587
10.8587
10.8587
10.8587
10.8587
10.8587
10.8587
10.8587
10.8587
10.8587
10.8587
10.8587
10.8587
10.8587
10.8587
10.8587
10.8587
10.8587
10.8587
10.8587
10.8587
10.8587
10.8587
10.8587
10.8587
10.8587
10.8587
10.8587
10.8587
10.8587
10.8587
10.8587
10.8587
10.8587
10.8587
10.8587
10.8587
10.8587
10.8587
10.8587
10.8587
10.8587
10.8587
10.8587
10.8587
10.8587
10.8587
10.8587
10.8587
10.8587
10.8587
10.8587
10.8587
10.8587
10.8587
10.8587
10.8587
10.8587
10.8587
10.8587
10.8587
10.8587
10.8587
10.8587
10.8587
10.8587
10.8587
10.8587
10.8587
10.8587
10.8587
10.8587
10.8587
10.8587
10.8587
10.8587
10.8587
10.8587
10.8587
10.8587
10.8587
10.8587
10.8587
