5.3829
5.41727
5.41818
5.44796
5.45481
5.4609
5.4609
5.4609
5.46093
5.46093
5.46093
5.46093
5.46093
5.46093
5.46093
5.46093
5.46093
5.46093
5.46093
5.46093
5.46093
5.46093
5.46093
5.46093
5.46093
5.46093
5.46093
5.46093
5.46093
5.46093
5.46093
5.46093
5.46093
5.46093
5.46093
5.46093
5.46093
5.46093
5.46093
5.46093
5.46093
5.46093
5.46093
5.46093
5.46093
5.46093
5.46093
5.46093
5.46093
5.46093
5.46093
5.46093
5.46093
5.46093
5.46093
5.46093
5.46093
5.46093
5.46093
5.46093
5.46093
5.46093
5.46093
5.46093
5.46093
5.46093
5.46093
5.46093
5.46093
5.46093
5.46093
5.46093
5.46093
5.46093
5.46093
5.46093
5.46093
5.46093
5.46093
5.46093
5.46093
5.46093
5.46093
5.46093
5.46093
5.46093
5.46093
5.46093
5.46093
5.46093
5.46093
5.46093
5.46093
5.46093
5.46093
5.46093
5.46093
5.46093
5.46093
5.46093
5.46093
5.46093
5.46093
5.46093
5.46093
5.46093
5.46093
5.46093
5.46093
5.46093
5.46093
5.46093
5.46093
5.46093
5.46093
5.46093
5.46093
5.46093
5.46093
5.46093
5.46093
5.46093
5.46093
5.46093
5.46093
5.46093
5.46093
5.46093
5.46093
5.46093
5.46093
5.46093
5.46093
5.46093
5.46093
5.46093
5.46093
5.46093
5.46093
5.46093
5.46093
5.46093
5.46093
5.46093
5.46093
5.46093
5.46093
5.46093
5.46093
5.46093
