15.7171
15.7412
15.7509
15.8016
15.8146
15.8743
15.8743
15.8743
15.8826
15.8909
15.9232
15.9459
15.962
15.962
16.009
16.009
16.009
16.009
16.009
16.009
16.009
16.009
16.009
16.009
16.009
16.0286
16.0286
16.0286
16.0288
16.0288
16.0288
16.0303
16.0303
16.0326
16.0326
16.0326
16.0326
16.0326
16.0326
16.0326
16.0326
16.0326
16.0326
16.0412
16.0476
16.0476
16.083
16.083
16.083
16.083
16.083
16.083
16.083
16.083
16.083
16.083
16.083
16.083
16.083
16.0927
16.0927
16.0927
16.0935
16.0935
16.0935
16.0935
16.0935
16.1041
16.1041
16.1041
16.1041
16.1041
16.1041
16.1041
16.1041
16.1041
16.1041
16.1041
16.1041
16.1041
16.1041
16.1041
16.1041
16.1041
16.1047
16.1047
16.1047
16.1047
16.1047
16.1047
16.1047
16.1047
16.1047
16.1047
16.1047
16.1047
16.1047
16.1047
16.1047
16.1047
16.1047
16.1047
16.1047
16.1047
16.1047
16.1047
16.1047
16.1047
16.1047
16.1047
16.1047
16.1047
16.1047
16.1047
16.1047
16.1047
16.1047
16.1047
16.1047
16.1047
16.1047
16.1047
16.1047
16.1047
16.1047
16.1047
16.1047
16.1047
16.1047
16.1047
16.1047
16.1047
16.1047
16.1047
16.1047
16.1047
16.1047
16.1047
16.1047
16.1047
16.1047
16.1047
16.1051
16.1051
16.1051
16.1051
16.1051
16.1051
16.1051
16.1051
