10.428 10.229 10.556
10.431 10.264 10.497
10.523 10.362 10.619
10.523 10.352 10.609
10.523 10.384 10.614
10.523 10.344 10.618
10.523 10.359 10.614
10.523 10.390 10.606
10.523 10.346 10.613
10.526 10.395 10.597
10.542 10.424 10.708
10.542 10.383 10.708
10.542 10.380 10.688
10.542 10.362 10.717
10.542 10.422 10.732
10.542 10.372 10.758
10.542 10.409 10.743
10.542 10.416 10.723
10.572 10.376 10.750
10.572 10.416 10.726
10.600 10.391 10.756
10.600 10.383 10.748
10.600 10.430 10.773
10.600 10.466 10.760
10.679 10.352 10.863
10.679 10.418 10.858
10.679 10.348 10.889
10.679 10.389 10.841
10.679 10.367 10.902
10.679 10.370 10.897
10.679 10.386 10.882
10.679 10.371 10.876
10.679 10.384 10.879
10.679 10.297 10.869
10.679 10.356 10.880
10.679 10.388 10.841
10.679 10.353 10.891
10.679 10.361 10.884
10.679 10.386 10.855
10.679 10.334 10.882
10.679 10.330 10.858
10.679 10.387 10.875
10.679 10.365 10.883
10.679 10.370 10.845
10.679 10.372 10.865
10.679 10.407 10.866
10.679 10.352 10.898
10.679 10.316 10.858
10.679 10.393 10.885
10.679 10.336 10.847
10.679 10.385 10.851
10.679 10.356 10.842
10.679 10.389 10.860
10.679 10.369 10.891
10.679 10.333 10.858
10.679 10.309 10.845
10.679 10.343 10.878
10.679 10.425 10.843
10.679 10.365 10.892
10.679 10.382 10.869
10.679 10.391 10.885
10.679 10.312 10.895
10.679 10.354 10.875
10.679 10.390 10.890
10.679 10.351 10.855
10.679 10.347 10.869
10.679 10.385 10.872
10.679 10.374 10.869
10.679 10.389 10.861
10.679 10.280 10.882
10.679 10.412 10.885
10.679 10.340 10.860
10.679 10.341 10.863
10.679 10.390 10.882
10.679 10.389 10.865
10.679 10.393 10.873
10.679 10.384 10.866
10.679 10.349 10.885
10.679 10.376 10.869
10.679 10.403 10.889
10.679 10.347 10.893
10.679 10.369 10.872
10.679 10.356 10.848
10.679 10.405 10.896
10.679 10.391 10.885
10.696 10.425 10.818
10.696 10.408 10.850
10.696 10.490 10.822
10.696 10.461 10.817
10.696 10.412 10.848
10.696 10.418 10.829
10.696 10.441 10.844
10.696 10.398 10.833
10.696 10.423 10.843
10.696 10.387 10.855
10.696 10.459 10.856
10.696 10.397 10.825
10.696 10.427 10.854
10.696 10.440 10.844
10.696 10.373 10.844
10.696 10.390 10.850
10.696 10.422 10.817
10.696 10.395 10.846
10.696 10.457 10.842
10.696 10.454 10.833
10.696 10.400 10.819
10.696 10.438 10.810
10.696 10.495 10.847
10.696 10.446 10.850
10.696 10.428 10.835
10.696 10.446 10.826
10.696 10.471 10.849
10.696 10.445 10.846
10.696 10.435 10.830
10.696 10.450 10.851
10.696 10.420 10.839
10.696 10.442 10.843
10.696 10.433 10.847
10.696 10.436 10.837
10.696 10.407 10.836
10.696 10.470 10.851
10.696 10.405 10.844
10.696 10.419 10.834
10.696 10.420 10.846
10.696 10.422 10.835
10.696 10.392 10.845
10.696 10.440 10.829
10.696 10.452 10.823
10.696 10.401 10.839
10.696 10.376 10.854
10.696 10.454 10.819
10.696 10.411 10.835
10.696 10.454 10.841
10.696 10.479 10.838
10.696 10.428 10.859
10.696 10.497 10.858
10.696 10.466 10.837
10.696 10.409 10.850
10.696 10.380 10.844
10.696 10.429 10.870
10.696 10.386 10.856
10.696 10.468 10.826
10.696 10.503 10.834
10.696 10.441 10.835
10.696 10.379 10.835
10.696 10.414 10.852
10.696 10.372 10.848
10.696 10.413 10.800
10.696 10.410 10.838
10.696 10.458 10.826
