4.269 4.213 4.323
4.282 4.232 4.322
4.311 4.257 4.366
4.311 4.257 4.368
4.311 4.257 4.367
4.311 4.257 4.365
4.311 4.257 4.365
4.311 4.257 4.365
4.311 4.257 4.366
4.311 4.257 4.365
4.311 4.257 4.365
4.311 4.257 4.365
4.311 4.257 4.366
4.311 4.257 4.366
4.311 4.257 4.363
4.311 4.257 4.366
4.311 4.257 4.368
4.311 4.257 4.367
4.311 4.257 4.367
4.311 4.257 4.364
4.311 4.257 4.365
4.311 4.257 4.365
4.313 4.257 4.367
4.313 4.257 4.365
4.313 4.257 4.364
4.313 4.257 4.365
4.313 4.257 4.364
4.313 4.257 4.364
4.313 4.257 4.364
4.313 4.257 4.365
4.313 4.257 4.365
4.313 4.257 4.367
4.313 4.257 4.368
4.313 4.257 4.365
4.313 4.257 4.366
4.313 4.257 4.366
4.313 4.257 4.366
4.313 4.257 4.365
4.313 4.257 4.366
4.313 4.257 4.364
4.313 4.253 4.368
4.313 4.257 4.367
4.313 4.253 4.364
4.313 4.257 4.366
4.313 4.257 4.363
4.313 4.257 4.365
4.313 4.257 4.366
4.313 4.257 4.366
4.313 4.257 4.366
4.313 4.257 4.366
4.313 4.257 4.364
4.313 4.257 4.365
4.313 4.257 4.367
4.313 4.257 4.365
4.313 4.257 4.368
4.313 4.257 4.368
4.313 4.257 4.365
4.313 4.257 4.364
4.313 4.253 4.365
4.313 4.257 4.366
4.313 4.257 4.366
4.313 4.257 4.369
4.313 4.257 4.367
4.313 4.257 4.367
4.313 4.257 4.364
4.313 4.257 4.368
4.313 4.253 4.366
4.313 4.257 4.366
4.313 4.257 4.365
4.313 4.257 4.365
4.313 4.257 4.365
4.313 4.257 4.366
4.313 4.257 4.367
4.313 4.257 4.367
4.313 4.257 4.367
4.313 4.257 4.369
4.313 4.257 4.363
4.313 4.257 4.366
4.313 4.257 4.366
4.313 4.257 4.365
4.313 4.253 4.367
4.328 4.272 4.381
4.328 4.272 4.380
4.328 4.272 4.382
4.328 4.272 4.379
4.328 4.272 4.378
4.328 4.272 4.382
4.328 4.272 4.378
4.328 4.272 4.381
4.328 4.272 4.381
4.328 4.272 4.378
4.328 4.272 4.379
4.328 4.272 4.379
4.328 4.272 4.381
4.328 4.272 4.380
4.328 4.272 4.381
4.328 4.272 4.380
4.328 4.272 4.380
4.328 4.272 4.381
4.328 4.272 4.381
