5.251 5.149 5.353
5.263 5.210 5.316
5.263 5.210 5.316
5.263 5.210 5.316
5.302 5.195 5.408
5.302 5.195 5.408
5.302 5.195 5.408
5.309 5.211 5.408
5.309 5.211 5.408
5.309 5.211 5.408
5.365 5.235 5.494
5.365 5.235 5.494
5.365 5.249 5.482
5.365 5.249 5.482
5.365 5.249 5.482
5.365 5.249 5.482
5.365 5.249 5.482
5.365 5.249 5.482
5.365 5.249 5.482
5.365 5.249 5.482
5.392 5.270 5.515
5.392 5.270 5.515
5.392 5.270 5.515
5.392 5.270 5.515
5.392 5.270 5.515
5.392 5.270 5.515
5.392 5.270 5.515
5.392 5.270 5.515
5.392 5.270 5.515
5.435 5.307 5.563
5.435 5.307 5.563
5.435 5.307 5.563
5.435 5.307 5.563
5.435 5.307 5.563
5.435 5.307 5.563
5.435 5.307 5.563
5.435 5.307 5.563
5.435 5.307 5.563
5.435 5.307 5.563
5.435 5.307 5.563
5.454 5.326 5.581
5.454 5.326 5.581
5.454 5.326 5.581
5.454 5.326 5.581
5.454 5.326 5.581
5.454 5.326 5.581
5.454 5.326 5.581
5.454 5.326 5.581
5.454 5.326 5.581
5.454 5.326 5.581
5.454 5.326 5.581
5.454 5.326 5.581
5.454 5.326 5.581
5.454 5.326 5.581
5.454 5.326 5.581
5.454 5.326 5.581
5.454 5.326 5.581
5.454 5.326 5.581
5.454 5.326 5.581
5.454 5.326 5.581
5.454 5.326 5.581
5.454 5.326 5.581
5.454 5.326 5.581
5.454 5.326 5.581
5.454 5.326 5.581
5.454 5.326 5.581
5.454 5.326 5.581
5.454 5.326 5.581
5.454 5.326 5.581
5.476 5.341 5.612
5.476 5.341 5.612
5.507 5.364 5.649
5.507 5.364 5.649
5.507 5.364 5.649
5.507 5.364 5.649
5.507 5.364 5.649
5.507 5.364 5.649
5.507 5.364 5.649
5.507 5.364 5.649
5.507 5.364 5.649
5.507 5.364 5.649
5.507 5.364 5.649
5.507 5.364 5.649
5.507 5.364 5.649
5.507 5.364 5.649
5.507 5.364 5.649
5.507 5.364 5.649
5.507 5.364 5.649
5.507 5.364 5.649
5.507 5.364 5.649
5.507 5.364 5.649
5.507 5.364 5.649
5.507 5.364 5.649
5.507 5.364 5.649
5.507 5.364 5.649
5.507 5.364 5.649
5.507 5.364 5.649
5.507 5.364 5.649
5.507 5.364 5.649
5.507 5.364 5.649
