3.161 3.137 3.191
3.164 3.136 3.189
3.164 3.137 3.189
3.164 3.137 3.192
3.171 3.143 3.199
3.171 3.144 3.199
3.171 3.142 3.197
3.171 3.143 3.199
3.171 3.143 3.198
3.171 3.143 3.196
3.173 3.143 3.200
3.173 3.137 3.200
3.173 3.144 3.197
3.173 3.138 3.203
3.174 3.148 3.203
3.174 3.144 3.202
3.174 3.144 3.201
3.174 3.138 3.202
3.174 3.144 3.198
3.179 3.155 3.213
3.179 3.155 3.212
3.179 3.155 3.212
3.179 3.155 3.211
3.179 3.155 3.208
3.179 3.155 3.213
3.179 3.155 3.209
3.179 3.155 3.211
3.179 3.148 3.211
3.181 3.155 3.214
3.181 3.148 3.215
3.181 3.155 3.213
3.181 3.155 3.212
3.181 3.155 3.211
3.181 3.148 3.212
3.181 3.155 3.209
3.181 3.155 3.209
3.181 3.155 3.213
3.181 3.155 3.208
3.185 3.155 3.209
3.185 3.155 3.211
3.185 3.155 3.211
3.185 3.155 3.211
3.185 3.155 3.215
3.185 3.155 3.211
3.185 3.155 3.210
3.185 3.148 3.211
3.185 3.155 3.211
3.185 3.155 3.212
3.185 3.155 3.211
3.185 3.155 3.209
3.185 3.148 3.214
3.185 3.155 3.211
3.185 3.148 3.213
3.185 3.155 3.210
3.185 3.155 3.213
3.185 3.155 3.212
3.185 3.155 3.213
3.185 3.155 3.207
3.185 3.148 3.209
3.185 3.155 3.209
3.185 3.148 3.209
3.185 3.148 3.213
3.185 3.155 3.212
3.185 3.155 3.212
3.185 3.155 3.209
3.185 3.155 3.207
3.185 3.155 3.213
3.185 3.155 3.208
3.185 3.155 3.211
3.185 3.155 3.211
3.185 3.155 3.212
3.185 3.148 3.212
3.185 3.155 3.211
3.185 3.155 3.212
3.185 3.155 3.209
3.185 3.155 3.211
3.185 3.148 3.211
3.185 3.148 3.214
3.185 3.155 3.213
3.185 3.155 3.208
3.185 3.155 3.212
3.185 3.155 3.209
3.185 3.155 3.213
3.185 3.155 3.209
3.185 3.155 3.209
3.185 3.155 3.210
3.185 3.155 3.214
3.185 3.155 3.215
3.185 3.155 3.215
3.185 3.148 3.213
3.185 3.155 3.210
3.185 3.155 3.211
3.185 3.155 3.209
3.185 3.155 3.211
3.185 3.155 3.211
3.185 3.155 3.213
3.185 3.155 3.210
3.185 3.155 3.212
3.185 3.155 3.212
3.185 3.155 3.207
