6.407 6.336 6.466
6.412 6.342 6.482
6.443 6.365 6.510
6.443 6.365 6.518
6.443 6.363 6.516
6.443 6.365 6.519
6.443 6.365 6.517
6.443 6.363 6.510
6.443 6.365 6.514
6.443 6.365 6.514
6.443 6.365 6.515
6.443 6.362 6.514
6.443 6.365 6.514
6.443 6.364 6.520
6.443 6.365 6.520
6.443 6.362 6.510
6.443 6.364 6.517
6.443 6.365 6.518
6.443 6.365 6.522
6.443 6.365 6.513
6.443 6.365 6.520
6.443 6.365 6.511
6.443 6.363 6.515
6.443 6.365 6.522
6.443 6.363 6.519
6.443 6.365 6.516
6.443 6.365 6.520
6.443 6.364 6.521
6.443 6.381 6.515
6.443 6.374 6.518
6.443 6.379 6.520
6.443 6.379 6.525
6.443 6.378 6.519
6.443 6.372 6.521
6.443 6.380 6.514
6.443 6.375 6.519
6.443 6.380 6.511
6.443 6.381 6.517
6.443 6.381 6.515
6.443 6.378 6.516
6.443 6.378 6.522
6.443 6.380 6.519
6.443 6.376 6.513
6.443 6.375 6.521
6.443 6.380 6.515
6.443 6.376 6.513
6.443 6.378 6.518
6.443 6.379 6.512
6.443 6.382 6.510
6.443 6.378 6.515
6.443 6.376 6.526
6.443 6.379 6.519
6.443 6.375 6.514
6.443 6.376 6.528
6.443 6.378 6.521
6.443 6.379 6.508
6.443 6.379 6.519
6.443 6.374 6.509
6.443 6.382 6.518
6.447 6.364 6.507
6.447 6.370 6.510
6.447 6.368 6.515
6.447 6.368 6.515
6.447 6.368 6.511
6.447 6.369 6.512
6.447 6.367 6.514
6.447 6.370 6.516
6.447 6.368 6.515
6.447 6.373 6.512
6.447 6.368 6.508
6.447 6.371 6.518
6.447 6.368 6.514
6.447 6.368 6.511
6.447 6.368 6.511
6.447 6.370 6.510
6.447 6.367 6.507
6.447 6.368 6.513
6.447 6.370 6.503
6.447 6.369 6.516
6.447 6.369 6.514
6.447 6.370 6.514
6.447 6.373 6.517
6.447 6.365 6.515
6.447 6.373 6.511
6.447 6.371 6.518
6.447 6.367 6.505
6.447 6.366 6.510
6.447 6.370 6.507
6.447 6.370 6.516
6.447 6.373 6.511
6.447 6.369 6.515
6.447 6.370 6.508
6.447 6.367 6.516
6.447 6.370 6.514
6.447 6.369 6.515
6.447 6.373 6.516
6.447 6.368 6.508
6.447 6.371 6.509
6.447 6.370 6.507
6.447 6.367 6.514
