4.310 4.257 4.366
4.310 4.257 4.364
4.310 4.257 4.366
4.310 4.253 4.365
4.310 4.257 4.365
4.310 4.253 4.366
4.310 4.253 4.367
4.310 4.257 4.366
4.310 4.257 4.366
4.310 4.257 4.366
4.310 4.257 4.366
4.310 4.257 4.364
4.310 4.257 4.367
4.310 4.257 4.364
4.310 4.257 4.364
4.310 4.257 4.365
4.310 4.257 4.365
4.310 4.257 4.366
4.310 4.257 4.365
4.310 4.257 4.365
4.310 4.257 4.365
4.310 4.257 4.367
4.310 4.257 4.367
4.310 4.257 4.366
4.310 4.257 4.367
4.310 4.257 4.367
4.310 4.257 4.365
4.310 4.257 4.364
4.310 4.257 4.368
4.310 4.257 4.367
4.310 4.257 4.367
4.310 4.257 4.365
4.310 4.257 4.366
4.313 4.261 4.368
4.314 4.261 4.368
4.314 4.261 4.365
4.314 4.261 4.366
4.314 4.261 4.367
4.314 4.256 4.366
4.314 4.256 4.364
4.314 4.261 4.366
4.314 4.261 4.365
4.314 4.261 4.367
4.314 4.261 4.367
4.314 4.256 4.367
4.314 4.261 4.367
4.314 4.261 4.365
4.314 4.261 4.369
4.314 4.261 4.368
4.328 4.271 4.380
4.328 4.272 4.380
4.328 4.272 4.378
4.328 4.272 4.381
4.328 4.272 4.380
4.328 4.272 4.380
4.328 4.272 4.379
4.328 4.272 4.378
4.328 4.272 4.380
4.328 4.272 4.379
4.328 4.272 4.381
4.328 4.272 4.378
4.328 4.272 4.382
4.328 4.272 4.382
4.328 4.272 4.380
4.328 4.272 4.380
4.328 4.272 4.381
4.328 4.272 4.380
4.328 4.272 4.381
4.328 4.272 4.382
4.328 4.271 4.380
4.328 4.272 4.382
4.328 4.272 4.379
4.328 4.271 4.381
4.328 4.272 4.382
4.328 4.272 4.378
4.328 4.272 4.378
4.328 4.271 4.380
4.328 4.272 4.380
4.328 4.272 4.379
4.328 4.272 4.381
4.328 4.272 4.382
4.328 4.272 4.381
4.328 4.272 4.380
4.328 4.272 4.381
4.328 4.272 4.376
4.328 4.272 4.379
4.328 4.272 4.381
4.328 4.272 4.379
4.328 4.272 4.381
4.328 4.272 4.381
4.328 4.272 4.379
4.328 4.272 4.378
4.328 4.272 4.380
4.328 4.272 4.381
4.328 4.272 4.380
4.328 4.272 4.381
4.328 4.272 4.380
4.328 4.272 4.380
4.328 4.272 4.381
4.328 4.272 4.379
