5.187 5.142 5.231
5.187 5.142 5.231
5.241 5.195 5.286
5.267 5.216 5.319
5.267 5.216 5.319
5.267 5.216 5.319
5.267 5.216 5.319
5.267 5.216 5.319
5.267 5.216 5.319
5.300 5.241 5.359
5.393 5.247 5.540
5.393 5.247 5.540
5.393 5.247 5.540
5.393 5.247 5.540
5.393 5.247 5.540
5.393 5.247 5.540
5.393 5.247 5.540
5.393 5.247 5.540
5.393 5.247 5.540
5.393 5.247 5.540
5.393 5.247 5.540
5.393 5.247 5.540
5.393 5.247 5.540
5.393 5.247 5.540
5.393 5.247 5.540
5.393 5.247 5.540
5.393 5.247 5.540
5.393 5.247 5.540
5.393 5.247 5.540
5.393 5.247 5.540
5.393 5.247 5.540
5.393 5.247 5.540
5.393 5.247 5.540
5.393 5.247 5.540
5.393 5.247 5.540
5.393 5.247 5.540
5.393 5.247 5.540
5.393 5.247 5.540
5.393 5.247 5.540
5.393 5.247 5.540
5.393 5.247 5.540
5.421 5.230 5.611
5.430 5.237 5.622
5.430 5.237 5.622
5.430 5.237 5.622
5.430 5.237 5.622
5.430 5.237 5.622
5.430 5.237 5.622
5.430 5.237 5.622
5.430 5.237 5.622
5.430 5.237 5.622
5.430 5.237 5.622
5.430 5.237 5.622
5.430 5.237 5.622
5.430 5.237 5.622
5.430 5.237 5.622
5.442 5.250 5.634
5.442 5.250 5.634
5.442 5.250 5.634
5.442 5.250 5.634
5.442 5.250 5.634
5.442 5.250 5.634
5.442 5.250 5.634
5.442 5.250 5.634
5.442 5.250 5.634
5.456 5.327 5.585
5.456 5.327 5.585
5.456 5.327 5.585
5.456 5.327 5.585
5.456 5.327 5.585
5.456 5.327 5.585
5.456 5.327 5.585
5.456 5.327 5.585
5.456 5.327 5.585
5.456 5.327 5.585
5.456 5.327 5.585
5.456 5.327 5.585
5.456 5.327 5.585
5.456 5.327 5.585
5.456 5.327 5.585
5.456 5.327 5.585
5.456 5.327 5.585
5.456 5.327 5.585
5.456 5.327 5.585
5.456 5.327 5.585
5.456 5.327 5.585
5.456 5.327 5.585
5.456 5.327 5.585
5.456 5.327 5.585
5.456 5.327 5.585
5.456 5.327 5.585
5.456 5.327 5.585
5.456 5.327 5.585
5.456 5.327 5.585
5.456 5.327 5.585
5.456 5.327 5.585
5.456 5.327 5.585
5.456 5.327 5.585
5.456 5.327 5.585
5.456 5.327 5.585
