6.276 6.208 6.358
6.276 6.215 6.363
6.341 6.251 6.398
6.365 6.226 6.486
6.365 6.245 6.477
6.365 6.246 6.474
6.365 6.233 6.481
6.365 6.233 6.456
6.366 6.262 6.504
6.379 6.249 6.496
6.379 6.242 6.490
6.379 6.185 6.502
6.379 6.248 6.503
6.393 6.268 6.526
6.393 6.260 6.527
6.393 6.279 6.517
6.393 6.233 6.507
6.393 6.246 6.514
6.447 6.298 6.551
6.447 6.284 6.554
6.447 6.290 6.565
6.447 6.287 6.541
6.447 6.250 6.558
6.447 6.279 6.569
6.447 6.223 6.552
6.461 6.292 6.586
6.461 6.303 6.561
6.461 6.277 6.572
6.461 6.318 6.568
6.461 6.244 6.557
6.461 6.285 6.560
6.461 6.291 6.587
6.461 6.283 6.570
6.475 6.368 6.674
6.475 6.373 6.658
6.475 6.368 6.662
6.475 6.328 6.659
6.475 6.325 6.667
6.475 6.357 6.672
6.475 6.345 6.665
6.475 6.321 6.678
6.475 6.368 6.687
