4.172 4.143 4.202
4.172 4.143 4.202
4.172 4.143 4.202
4.172 4.143 4.202
4.172 4.143 4.202
4.172 4.143 4.202
4.172 4.143 4.202
4.172 4.143 4.202
4.172 4.143 4.202
4.172 4.143 4.202
4.183 4.153 4.213
4.183 4.153 4.213
4.183 4.153 4.213
4.183 4.153 4.213
4.183 4.153 4.213
4.183 4.153 4.213
4.183 4.153 4.213
4.183 4.153 4.213
4.183 4.153 4.213
4.183 4.153 4.213
4.183 4.153 4.213
4.183 4.153 4.213
4.183 4.153 4.213
4.183 4.153 4.213
4.183 4.153 4.213
4.183 4.153 4.213
4.183 4.153 4.213
4.183 4.153 4.213
4.193 4.163 4.223
4.193 4.163 4.223
4.193 4.163 4.223
4.193 4.163 4.223
4.193 4.163 4.223
4.193 4.163 4.223
4.193 4.163 4.223
4.193 4.163 4.223
4.193 4.163 4.223
4.193 4.163 4.223
4.193 4.163 4.223
4.193 4.163 4.223
4.193 4.163 4.223
4.193 4.163 4.223
4.193 4.163 4.223
4.193 4.163 4.223
4.193 4.163 4.223
4.193 4.163 4.223
4.193 4.163 4.223
4.193 4.163 4.223
4.193 4.163 4.223
4.193 4.163 4.223
4.193 4.163 4.223
4.193 4.163 4.223
4.193 4.163 4.223
4.193 4.163 4.223
4.193 4.163 4.223
4.193 4.163 4.223
4.193 4.163 4.223
4.193 4.163 4.223
4.193 4.163 4.223
4.193 4.163 4.223
4.193 4.163 4.223
4.193 4.163 4.223
4.193 4.163 4.223
4.193 4.163 4.223
4.193 4.163 4.223
4.193 4.163 4.223
4.193 4.163 4.223
4.193 4.163 4.223
4.193 4.163 4.223
4.193 4.163 4.223
4.193 4.163 4.223
4.193 4.163 4.223
4.193 4.163 4.223
4.193 4.163 4.223
4.193 4.163 4.223
4.193 4.163 4.223
4.193 4.163 4.223
4.193 4.163 4.223
4.193 4.163 4.223
4.193 4.163 4.223
4.193 4.163 4.223
4.193 4.163 4.223
4.193 4.163 4.223
4.193 4.163 4.223
4.193 4.163 4.223
4.193 4.163 4.223
4.193 4.163 4.223
4.193 4.163 4.223
4.193 4.163 4.223
4.193 4.163 4.223
4.193 4.163 4.223
4.193 4.163 4.223
4.193 4.163 4.223
4.193 4.163 4.223
4.193 4.163 4.223
4.193 4.163 4.223
4.193 4.163 4.223
4.193 4.163 4.223
4.193 4.163 4.223
4.193 4.163 4.223
