5.322 5.216 5.428
5.367 5.255 5.480
5.374 5.264 5.484
5.374 5.264 5.484
5.374 5.264 5.484
5.374 5.264 5.484
5.374 5.264 5.484
5.489 5.354 5.624
5.489 5.354 5.624
5.489 5.354 5.624
5.489 5.354 5.624
5.489 5.354 5.624
5.489 5.354 5.624
5.489 5.354 5.624
5.489 5.354 5.624
5.489 5.354 5.624
5.489 5.354 5.624
5.489 5.354 5.624
5.489 5.354 5.624
5.489 5.354 5.624
5.489 5.354 5.624
5.489 5.354 5.624
5.489 5.354 5.624
5.489 5.354 5.624
5.489 5.354 5.624
5.489 5.354 5.624
5.489 5.354 5.624
5.489 5.354 5.624
5.489 5.354 5.624
