00000000000000000000000000000000000000000000000000000000000000000000010000000000000000000000000001000010000000000000000000000000000000001000000000000000000000000000000000000000000000000000000000000000
00000000000000000000010000000000000000000000000000000000000000000000000000000000000000000000000000000001000000000000000000000000000000000000000000000000000000000000000000000000000000000000000000010000
00000000000000000000000000000000000000000000000000000000000000000000000000010000000000000000000000000000000000000000000000000000000000000000000000000000000000000000000000000000000000000000000000000000
00000000000000000000000000000000000000000000000000000000001000000000000000001000000000000000100010000100000000000000000000000010000000000000000000000000000000000011010000000000000000001000000000000000
00000011000010000000000000010000000000000010000000000000000010000000000100000000000000000000000000000000000000000010000000000000000000010000000000000000000000000000001000000000000000000000010000000001
00000000000000000000000000000000001001000000000000000000000000000000000000000000000000000001000000000000000000000000000000000000000000000000000000000000000000000000000000000000000000000000000000000000
00001001000010000000000000010000000000000010000000000000000010000000000100000000000000000000000000000000000000000010000000000000000000010000000000000000000000000000001000000000000000000000010000000001
00001010000010000000000000010010000000000000000000000000000010000000000100000000000000000000000000000000000000000000000000000000001000000000000000000000000000000000000000000000000000000000010000000001
00000000000000000100000000000100000000001000000010000001010000010000100000000000000000000000000000000000000000000000000000000000000000000000000000000000000000000000000000000000000000000011000000000000
00000000000000000000000001001000100000000000000000000000000000001000000000000000000000000000000000000000000000000000000000000000000000000000000000000000000000000000000000000000000000000000000011000000
00000000000000000000100000000000000000000000000000000000000000100000001000000000001000000000000000000000000011000000000000000000000000000000000000000000000000000000000001000000000000000000000100000000
00000000000000000000000000000000000000000000000000000000000000000000000010000000000000000000000010000000000000000100000000000000000010000000000000000000000010000000000000000000000110000000100000000000
00001011000000000000000000000000000010000010000000000000000010000000000100000000000000000000000000000000000000000000000000000000000000010000000000000000000000000000001000000000000000000000000000000001
00000000000000000000000010000000000000000000000001001000000000000000000000001000000000000000000000000000000000000010000000000010000000000000000000000000000000000000000000000000000000000000000000000000
00000000000000000000000000000000000000000000000000000000000000000000000000000000000000000000000000000000000000000000000000000000000000000000000000000000000000000000000000000000000000000000000000001000
00000000000000000010000000000000000000000000010000000000000000000100000000000000000000001000000000000000000000000000000000000000000000100100000000000000000000000000000000001000000000000000000000000000
00000000000000000000000000000000000010000000100000000000000000000000000000000000000000000000000000000000000000000000000000000000000000010000000000000001000000000000000000000000000001010000000000001000
00000000100000000000000000000000000000000000000000000000000000000000100000000000000000000000000000010000000000000000000000000000000000000000000000000000000000000000000000000000000000000010000000000000
00000000000000010000000000000000000000000000010000000000000000000100000000000000000000000000000000000000010000000000000000000000000000100110000000000000000000000000000000000000000000000000000000000000
00000000000000000000000000000001000000000000000000000000000000000010000000000000000000000000000000000000000000001000010100000000000000000000100000000000000000000000000000000000000000000000000000000000
00000000001000000000000000000000000000000000000000000000000000100000001000000100000000000000000100000000000000000000000000000000000000000000010000000000000000000000000000000000000000000000000100000000
01000000000000000000000000000000010000000000000000000000000000000000000000000000000000000000000000000000000000000000000000000000000000000001000000000000000000000000000000000010000000000000000000010000
00000000000000000000000000000000000000000000000000100000000000000000000001000010000000000000000000000000000000000000000000000000000100000000000000000000000000001000000000100000000000000000000000000000
00000000000000000000000000100000000000100000000000000000000000000000000000000000000000000000000000001000000000000000000000000000000000000000000000000000000100000000000000000000000000000000000000000100
00000000000001000000000000000000000000000000000001001000000001000000000000000000000000000000000000000000000000000010000000000010000000000000000000000000000000000010000000000000000000000000000000000000
00000000010000000000000000000000100000000000000000000000000000001000000000000000000000000000010000000000000000000000000000000000000000000000000000000000000000000000000000000000010000000000000010000000
00000000000000000000000100000000000000100000000000000000000000000000000000000000000000000000000000001000000000000000000000000000000000000000000000000000000100000000000100000000000000000000000000000100
00001011000000000000000000000010000000000000000000000000000000000000000000000000000000000000000000000000000000000000000000000000001000000000000000000000000000000000000000000000000000000000010000000001
00000000010000000000000000000000000000000000000000000000000000001010000000000000000000000000000000000000000000000000010000000000000000000000100000000000000000000000000000000000000000000000000010000000
00000000100000000000000000000000000000001000000010000001000000000000000000000000000000000000000000000000000000000000000000000000100000000000000000000000000000000000000000000000000000000010000000000000
00000001000000000000000000010000000000000000000000000000000100000000000000010000000000000000000000000000000000000000000000000000001000000000000000000100000000000000000000000000000000000000010000000000
00000000000000000001000000000000000000000000000100000000000000000000000000000000000000000000000000000000000000001000000100000000000000000000000000000000000000000000000000000000000000000000000000000000
00000000010000000000000001000000000000000000000000000000000000001000000000000000000000000000010000000000100000000000000000000000000000000000000000000000000000000000000000000000010000000000000011000001
00000000000000000000010000000000001000000000000000000000000000000000000000000000000000000000001000000000000000000000000000000000000000000000000000000000000000000000000000000000000000000000000000010000
00000100000000000000000000000000010001000000000000000000000000000000000000000000000000000001001000000000000000000000000000000000000000000000000000000000000000000000000000000000000000000000000000000000
00000000000000000000000000000000000000000000000000000000000000000000000000000000000000000000000000000000001000000000000000000000000000000000000000000000000001000000000000000000000000000000000000000000
00000000000010001000000000000000000000000010000000000000000010000000000100000000000000000000000000000000000000000000000000000000000000010000000000000000000000000000001000000000000001010000000000000000
00000100000000000000000000000000001000000000000000000000000000000000000000100000000000000001000000000000000000000000000001000000000000000000000000000000000000000000000000000000000000000000000000000000
00000000000000000000000100100000000000000000000000000000000000000000000000000000000000000000000000001000000000000000000000000000000000000000000000000000000000000000000100000001000000000000000000000100
00000000000000000000000000000000000000000000000000000000000000000000000010000000000000000000000000000000000000000000000000000001000000000000000000000000000000000000000100000000000000000000000000000000
00000000100000000000000000000100000000000000000010000001000000010000000000000000000000000000000000000000000000000000000000000000100000000000000000000000000000000000000000000000000000000011000000000000
00000000000000000000000000000000000000000001000000000000000000000000000000000000000000000000000000000000000000000000000000000000000000000000000000000000001000000000000000000000000000000000000000000000
00001010000010000000000000000000000010000000000000000000000010000000000100000000000000000000000000000000000000000010000000000000000000010000000000000000000000000000001000000000000000000000000000000000
00000000000000000000000000000000000000000100000000000000000000000000000000000000000000000000000000000000000000000000000000000000000000000000001000000000001000000000000000000000000000100100000000000000
00000000000000001000000000000000000000000000000000000000000000000000000000000000000000000000000000000000000000000000000000000000000000000000000000000000000000000000000000000000000001000000000000001000
00000000000000010010000000000000000000000000000000000000000000000100000000000000000000001000000000000000000000000000000000000000000000100100000000000000000000000000000000001000000000000000000000000000
00000000000000000000000000000000000000000000000100010000000000000001000000000000000000000000000000000000000000000000000000000000000000000000000000001000000000000000000000000000000000000000000000000000
00000000000000000000000000000001000000000000001000000000000000000000000000000000000000000000000000000000000000000000000000000000000000000000000000000000000000000000000000000000000000000000000000000000
00000000100000000000000000000100000000001000000000000001000000010000000000000000000000000000000000000000000000000000000000000000100000000000000000000000000000000000000000000000000000000011000000000000
00000000000001000000000010000000000000000000000000001000000101000000000000000000000000000000000000000000000000000010000000001000000000000000000000000100000000000000000000000000000000000000000000000000
00000000000000000000001000000000000000000000000000000000000000010000000000000000000000000000000000000000000000000000000000000000000001000000000000000000000000001000000000000000000000000000000000000000
00000000000000000000000000000000000000000000001000000000000000000001000000000000000000000000000000000000001000000000000000000000000000000000000000001000000000000000000000000000000000000000000000000010
00000000000001000000000010000000000000000000000001000000000001000000000000000000000000000000000000000000000000000010000000001000000000000000000000000000010000000000000000000000000000000000000000000000
00000000000000000000000000000000000000000000000000000000000000000000000000000000000000000000000000100000000000000000000000000000000000000000000100000000000000000100000000000000000000000000000000000000
00000000000000000000000000000000000000000000000000000000100000000000000000000000000100000000000000000000000000000000000000000000000000000000000000000000000000000000000000000000000000000000000000000010
00000000100000000000000000000100000000001000000010000000010000010000000000000000000000000000000000000000000000000000000000000000000000000000000000000000000000000000000000000000000000000011000000000000
00000000000000000000000000000000000000000000000000000010000000000000000000000000000000000000000000000000000000000000010000000000000000000000100000000000000000000000000000000000000000000000000000000000
00000000100000000000000000000000000000000000000000000001000000010000000000000000000000000000000000000000000000000000000000000000000000000000000000000000000000000000000000000000000000000001000000000000
00010000000000000000000000000000000000000000000000000000000000000000000000001000000000000000000000000000000000000000000000000010000000000000000000000000000000000011010000000000000000000000000000000000
00000000000000000000000000000010000000000000000001000000000000000000000000010000000000000000000000000000000000000000000000001000001000000000000000000100000000000000000000000000000000000000000000000000
00001011000010000000000000000000000010000010000000000000000000000000000100000000000000000000000000000000000000000010000000000000000000010000000000000000000000000000001000000000000000000000000000000000
00000000000000000000000010000000000000000000000001001000000000000000000000000000000000100000000000000000000000000000000000000010000000000000000000000000010100000010000000000000000000000000000000000000
00000000001000000000100000000000000000000000000000000000000000000000001000000000001000000000000000000000000011000000000000000000000000000000000000000000000000000000000001000000000000000000000100000000
00000000100000000000000000000000000000001000000010100001010000000000000000000000000000000000000000000000000000000000000000000000000001000000000000000000000000000000000000000000000000000001000000000000
00000000010000000000000001001000100000000000000000000000000000000000000000000000000000000000000000000000000000000000000000000000000000000000000000000000000000000000000000000000000000000000000010000000
00000000000000010010000000000000000000000000010000000000000000000000000000000000000000000000000000000000010000000000000000000000000000000110000000000000000000000000000000000000000000000000000000000000
00000000000000000001000000001000000000000000000000000000000000000000000000000000000000000000000000000000000000000000010000000000000000000000100000000000000000000000000000000000000000000000000000000000
00000000000000000000000000000000000000000000001000010000000000000000000000000000000000000000000000000000001000000000000000000000000000000000000000001000000000000000000000000000000000000000000000000010
00000000100000000100000000000000000000000000000000000000000000000000000000000000000000000000000000010000000000000000000000000000000000000000000000000000000000000000000000000000000000000010000000000000
10000000000000000000000000000000000000000000000000000000000000000000000000000000010000000000000001000000000000000000000000000000000000001000000000100000000000100000100000000000001000000000000000000000
00000000001000000000100000000000000000000000000000000000000000100000000000000100001000000000000100000000000010000000000000000000000000000000010000000000000000000000000000000000000000000000000000000000
00001011000010000000000000000000000010000010000000000000000010000000000000000000000000000000000000000000000000000010000000000000000000010000000000000000000000000000001000000000000000000000000000000000
00000000000100000000000000000000000000010000000000000000000000000000000000000000000000000000000000000000000000000000000000000000000000000000000000000000000000000000000100000000000010000000100000000000
00000000000000000000001000000000000000000000000000000000000000000000000000000010000000000010000000000000000000000000000000000000000000000000000000000000000000001000000000000000000000000000000000000000
00000000000000000000000000000000000001000000000000000000000000000000000000000000000000000100000000000000000000000000000000000000000000000000000000010000000000000000000000000000100000000000000000000000
00100000000000000000000000000010000000000000000000000000000100000000000000000000000000000000000000000000000000000000000000000000001000000000000000000100000000000000000000000000000000000000010000000000
00010000000001000000000000000000000000000000000000000000001000000000000000000000000000000000000000000000000000000000000000000110000000000000000000000000000000000001000000000000000000000000000000000000
00000000000000000000100000000000000000000000000000000000000000000000001000000000000000000000000100000000000000000001000000000000000000000000010000000000000000000000000000000000000000000000000000000000
00000000000000000000001000000000000000000000000000000000000000000000000001000000000000001000000000000000000000000000000000000000000000000000000000000000000000000000000000101000000000000000000000000000
00000000000000000000000000000000000000000000000000000000000000000000000000000000000000000000000010000100000000000000000000000000000000000000000000000000000000000000000000000100000000001000101000000000
00000000000000000000000000000000000000000000000000000000000000000000000000000000000000100100000000000000000000000000000000000000000000000000000000000010000000000000000010000000000000000000000000100100
00000000000000000000000000000000000000000000000000000000000000000000010000000000000000000000000001000000000000000000000000000000000000001000000001000000000000100000000000000000001000000000000000000000
00000000001000000000000000000000000000000000000000000000000000100000001000000000000000000000000000100000000011000000000000000000000000000000000000000000000000000000000001000000000000000000000100000000
00000000000000000000000000000000000000000000000000000010000000000000000000000000000000000000000000000000100100000000000000000000000000000000000000000000000000000000000000000000000000000000000001000010
00000000000000000000000000000000000000000000000000000000000000000000000000000000000000000000000000000000000000000000000000000000000000000000000000000000000000010000000000000000000010000000000000000000
00000000000000000000000000000000000000000000000000000000000000000000000000000000000000000000000000000000000000000000000000000000000101000000000000000000000000000000000000000000000000000000000000000000
00000000000000000000000000000000000000000000000000000000000001000000000000000000100000000000000000000000000000000000000000001000000000000000000000000010010100000000000000000000000000000000000000100000
00000000000000000000000000000000000000000000000000000000000000000000000000000000000000000000000000000000000000000000100000010001000000000000000000000000000000000000000000000000000000000000000000000000
00000000000000010000000000000000000000000000010000000000000000000000000000000010000000000000000000000000000000000000000000000000000000100100000000000000000000000000000000101000000000000000000000000000
00000000000000000000000000000000000000000000000000000000000000000000000000100000100000000000000000000000000000000000000000000000000000000000000000010000000000000000000010000000100000000000000000000000
00000000000000000000000000000000000000000000000000000000000000000000000001000000000000000000000000000000000000000000000000000000000000000000000000010000000000000000000000000000100000000000000000000000
00000100000000000000000000000000001001000000000000000000000000000000000000000000000000000000001000000000000000000000000000000000000000000000000000000000000000000000000000000001000000000000000000000000
00010000000000000000000000000000000000000000000000000000000000000000000000000000000000000000000010000000000000000100000000000000000000000000000000000000000010000100010001000000000000000000000000000000
00000000000000000000000001000000100000000000000000000000000000000000000000000000000000000000000000000000000000100000000010000000000000000000000000000000000000000000000000000000010000000000000010000000
00000000000000000000000000000000011000000000000000000000000000000000000000000000000000000001000000000000000000000000000000000000000000000000000001000000000000000000100000000000000000000000000000000000
00000000000000000000100000000000000000000000000000000000000000000000001000000100000000000000000000000000000000000001000000000000000000000000010010000000000000000000000000000000000000000000000000000000
00010000000100000000000000000000000000000000000000000000000000000000000000000001000000000000100000000000000000000100000000000000000010000000000000000000000010000100010000000100000000001000100000000000
10000000000000000000000000000000000000000000000000000000000000000000010000000000010000000000000000000000000000000000100000000000000000001000000000000000000000100000000000000000001000000000000000000000
00000000000000000000000000000000000000000000000000000100000000000000000000000000001000000000000000000000000001000000000000000000000000000000000100000000000000000100000001000000000000000000000100000000
00000000000000000100000000000000000000000000000000000000000000000000100000000000000000000000000000000000001000000000000000000000000000000000000000000000000001000000000000000000000000000000000000000000
00000000000000000000000100100000000000100000000000000000000000000000000000000000000000000000000000000000000000000000000000000000000000000000000000000000000000000000000000000001000000000000000000000100
00010000000000000000000000000000000000000000000000000000000000000000000000000001000000000000000000000000000000000000000000000000000000000000000000000000000000000010000000000100000000001000101000000000
10000000000000000000000000000000000000000000000000000000000000000000000000000000000000000000000000000000000000000000000000000000000000000000000000000000100000000000000000000000000000000100000000000000
01000000000000000000000000000000000000000000000000000000000000000000000000000000000000000000000000000000000000000000000000000000000000000000000000100000000000000000000000000000000000000000000000000000
00000000000000000000000000000000100000000000000000000000000000000000000000000000000100000000000000000000000100000000000000000000000000000000000000000000000000000000000000000000000000000000000001000001
00000000000000000010000000000000000000000000000000000000000000000100000000000000000000000000000000000000000000000000000000000000000000000110000000000000000000000000000000000000000000000000000000000000
00000000000000000000000000000000000100000000000000010000000000000001000000000000000000000000000000010000000000000000000000000000000000000000000000001000000001000000000000000000000000000000000000000010
00000000000000000000000000000000000000000000000000000000000000000000000000000000000100000000000000000000100000000000000000000000000000000000000000000000000000000000000000000000000000000000000001000000
00000000001000000000000000000000000000000000000000000000000000100000001000000000001000000000000000000000000000000000000000000000010000000000000000000000000000000000000000000000000000000000000000000000
00000000001000000000000000000000000000000000000000000000000000100000000000000000001000000000000000100000000000000000000000000000000000000000000100000000000000000100000001000000000000000000000100000000
00000000000000000000000000000000000000000000000000000000000000000000000000000000000000000000010000000000000000000000000010000000000000000000000000000001000000000000000000000000010000000000000000000000
00000000000000000000000000000000000000000000000000000000000000000000000000000000000000000000000000000000000000000000000000010000000000000000000000000000000000010000000000000000000000000000000000000000
00000000000000000001000000000001000000000000000000000000000000000000000000000000000000000000000000000000000000000000000100000000000000000000000000000000000000000000000000000000000000000000000000000000
00000000000100000000000000000000000000000000000000000000000000000000000000000000000000000000100010000000000000000000000000000000000010000000000000000000000010000100000000000000000000001000100000000000
00001010000001000000000010000000000000000010000001001000000010000000000100000000000000000000000000000000000000000000000000000000000000000000000000000000000000000000000000000000000000000000000000000000
00000000000000000000000000000000000000000000000000000000000000000000000000000100000000000000000100000000000000000000000000000000000000000000010010000000000000000000000000000000000000000000000000000000
00000000000000000000000000000000000000000000000000000000000000000000000000000000000000010000000001000000000000000000000000010000000000000000000000000000000000100000000000000000000000000000000000000000
00000000000000000001000000001000000000000000000000000000100000000010000000000000000000000000000000000000000000000000000000000000000000000000100000000000000000000000000000000000000000000000000000000000
00000000000000000000000000000000000000000000000000000000000000000000000000000000000000000000000000000000000000000000000001000000000000000000000000000000000000000000000000000000000000000000000000000000
00000000000000000001000000000001000000000000000000000000000000000000000000000000000000000000000000000000000000001000000000000000000000000000100000000000000000000000000000000000000000000000000000000000
00000000000000000000000000000000000000000000000000000000000000000000000000000000000000000000010000000000000000100000000000000000000000000000000000000000000000000000000000000000010000000000000000000000
00000000000000000000000000000000000001000000000000000000000000000000000000000000000000000000000000000000000000000000001000000000000000000000000000000000000000000000000000000000000000000000000000000000
00000000000000000000000000000000000000000000000000000000000000000000000000000000000000000000000000000000000000000000000000000000000000000000000000000000000000000000000000010000000000000000000000000000
00000000000000000000000000000000000000000000000000000000000000000000000000000000000000010000000000000000000000010000100000000001000000000000000000000000000000010000000000000000000000000000000000000000
00000000000000000000000000000000000000000000000001001000000100000000000000000000000000100000000000000000000000000000000000000000000000000000000000000100000000000000000000000000000000000000000000000000
00000000000000000000000000000000000000000000000000000000000000000000000000001000000000000000000000000000000000000000000000000000010000000000000000000000000000000001000000000000000000010000000000000000
00010000000001000000000010000000000000000000000000000000001001000000000000001000000000000000000000000000000000000000000000000000000000000000000000000000000000000010000000000000000000000000000000000000
00000000000000000000000000000000000000010000000000000000000000000000000000000000000000010000000000000000000000000000000000010000000000000000000000000000000000000000000000000000000000000000000000000000
00000000000000000000000000000100000000001000000010000000000000000000000000000000000000000000000000000000000000000000000000000000000000000000000000000000000000000000000000000000000000000010000000000000
00000000000000000000000000000000000000000000000000000000000000000000000000000000000000000000000000000000000010000000000000000100000000000000000000000000000000000000000000000000000000000000000000000000
00000001000000000000000000010010000000000000000000000000000100000000000000010000000000000000000000000000000000000000000000000000000000000000000000000100000000000000000000000000000000000000010000000000
00000000000000000000001000000000000000000000000000000000000000000000000000000000000001000000000000000000000000000000000000000000000001000000000000000000000000000000000000100000000000000000000000000000
00000000000100000000000000000000000000000000000000000000000000000000000000000000000000000000000010000000000000000100000000000000000000000000000000000000000010000000000000000000000110001000100000000000
00000000000000000000000000000000000000000000000000100000000000010000000000000000000001000000000000000000000000000000000000000000000100000000000000000000000000000000000000000000000000000001000000000000
00000000000000010010000000000000000000000000010000000000000000000000000000000000000000001000000000000000000000000000000000000000000000000100000000000000000000000000000000101000000000000000000000000000
00001010000010001000000000000000000010000010000000000000000010000000000100000000000000000000000000000000000000000000000000000000000000000000000000000001000000000000001000000000000000000000000000000001
10000000000000000000000000000000000000000000000000000000000000000000010000000000010000000000000001000000000000000000000000000000000000000000000001000000000000100000100000000000001000000000000000000000
00000000000000010010000000000000000000000000010000000000000000000100000000000000000000001000000000000000010000000000000000000000000000100000000000000000000000000000000000001000000000000000000000000000
00000000000000000010000000000000000000000000000000000000000000000100000000000000000000000000000000000000010000000000000000000000000000000000000000000000000000000000000000000000000000000000000000000000
00000000000000000000010000000000000000000000000000000000000000000000000000000000000000000000000000000000000000000000000000000000000000000000000000000000000000000000000000000010000000000000000000000000
00000000000000000001000000001000000000000000000000000000100000000010000000000000000000000000000000000000000000000000010100000000000000000000000000000000000000000000000000000000000000000000000000000000
00000000000000000000100000000000000000000000000000000000000000000000001000000100000000000000000100000000000000000001000000000000000000000000000010000000000000000000000000000000000000000000000000000000
00000000000000000000000000000000000000000001000000000000000000000000000000000000000000000000000000000000000000000000000000000000000000000000000000000000001000000000000000000000000000100100000000000000
00000000000000000000000000000000000000000000000000000100000000000000000000000000000000000000000000100000000001000000000000000000000000000000000000000000000000000100000001000000000000000000000100000000
00000000000000000000000000000000000000000000000000000000000000000000000000000000000000000000000100000000000000000001000000000000000000000000010000000000000000000000000000000000000000000000000000000000
00000000000000000000000000000000000000000000000000000000000000000000000000000000010000000000001000000000000000000000000000000000000000001000000000000000000000000000100000000000001000000000000000000000
00000000000000000000000000000000000000000000000000000000000000000000010000000000000000000000000000000001000000000000000000000000000000000000000000000000000000000000100000000000000000000000000000000000
00000000000000000000000000000000000000000000000000000000000000000000000000100000000000000110000000000000000000000000000000000000000000000000000000000000000000000000000000000000100000000000000000000000
00000000000000000000000000000000000000000000001000010000000000000001000000000000000000000000000000000000001000000000000000000000000000000000000000000000000000000000000000000000000000000000000000000000
00000000000000000000000000000010000000000000000001000000000100000000000000010000000000000000000000000000000000000000000000001000001000000000000000000000000000000000000000000000000000000000010000000000
00000000000000000000000000000000000000000000000000000000000000000000000000000000100000100000000000000000000000000000000000000000000000000000000000000000010000000000000010000000000000000000000000100100
00000000000000001000000000000000000000000000000000000000000000000000000000000000000000000000000000000000000000100000000000000000000000010000000000000000000000000000000000000000000000000000000000000000
00000000000000000000000000000000000000000000000000000000000000000000000000000000000000000000000000000010000000000000000000000000000000000000000000000000000000000000000000000000000000000000000000000000
00000000000000000000000000000000000000000000000000001000000001000000000000000000000000100000000000000000000000000000000000000000000000000000000000000010000100000000000000000000000000000000000000100000
00000000000000000000000000000000000000000101000000000000000000000000000000000000000000000000000000000000000000000000000000000000000000000000001000000000000000000000000000000000000000000000000000000000
00000000000000000000000100100000000000000000000000000000000001000000000000000000000000100000000000000000000000000000000000000000000000000000000000000000010000000010000000000000000000000000001000000000
00000000000100000000000000000000000000000000000000000000000000000000000000000000000000000000100010000000000000000100000000000000000010000000000000000000000000000100000000000000000000000000100000000000
00000000000000000000000000000000000100000000000000000000000000000000000000000000000000000000000000010000001000000000000000000000000000000000000000000000000000000000000000000000000000000000000000000000
00000000000000000000000000000000000000000000000000000000000000000000010000000000010000000000000001000000000000000000100000000000000000001000000000000000000000000000000000000000001000000000000000000000
00000000000000000000000000000000000000000000000000000000000000000000000000000000000010000000000000000000000000010000000000010000000000000000000000000000000000000000000000000000000000000000000000000000
00000000000000000000001000000000000000000000000000100000000000000000000001000000000000000000000000000000000000000000000000000000000000000000000000000000000000000000000000000000000000000000000000000000
00000000000000000000000000000000000000000000000000000100000000000000000000000000000000000000100010100000000001000100000000000000000000000000000100000000000010000000000001000000000000000000000000000000
00010000000000000000000010000000000000000000000000000000001001000000000000000000000000000000000000000100000000000000000000000010000000000000000000000000000100000000000000000000000000000000001000000000
00010000000000000000000000000000000000000000000000000000001000000000000000001000000000000000000000000000000000000000000000000100000000000000000000000000000000000000010000000000000000000000000000000000
00000000000000000000000000000000000000000000000000000000000000000000010000000000000000000000001000000000000000000000000000000000000000001000000001100000000000000000000000000000001000000000000000000000
00010000000000000000000000000000000000000000000000000000001000000000000000000000000000000000100010000000000000000000000000000000000000000000000000000000000000000001000000000000000000000000000000000000
00001010000010000000000000000000000010000010000000000000000010000000000100000000000000000000000000000000000000000000000000000000000000010000000000000000000000000000000000000000000001000000000000000000
00000000000000000000000000100000000000110000000000000000000000000000000010000000000000000000000000000000000000000000000000000000000000000000000000000000000000000000000000000000000000000000000000000000
00000000000000000000000000000000000000000000000000000000000000000000000000000000100000000100000000000000000000000000000000000000000000000000000000000010000000000000000000000000000000000000000000100100
00000000001000000000000000000000000000000000000000000000000000100000000000000000001000000000100000100000000001000000000000000000000000000000000100000000000000000100000000000000000000000000000100000000
00000000000000000000001000000000000000000000000000000000000000000000000000000010000000001000000000000000000000000000000000000000000100100000000000000000000000000000000000000000000000000000000000000000
00000000000000000000000000000000000000000000000000000000000000000000000000000000000000000000000000000000000000000000000000100000000000000000000000000000000000000000000000000000000000100000000000000000
00000000000000010000000000000000000000000000010000000000000000000000000000000010000000001000000000000000000000000000000000000000000000100100000000000000000000000000000000000000000000000000000000000000
00000000000000000000000000000000000000000000000000000000000000000000000000000001000000000000000010000100000000000000000000000000000000000000000000000000000000000000000000000000000000001000101000000000
00000000000000000000010000000000000000000000000000000000000000000000000000000000000000000000000000000000000000000000000000000000000000000001000000000000000000000000000000000000000000000000000000000000
00000000000000000000000000000000000000100000000000000000000000000000000000000000000000000001000000001000000000000000000000000000000000000000000000000000000000000000000000000000000000000000000000000100
00000000000000000000000000000000000000000000000000000000000000000000000000100000000000000110000000000000000000000000000000000000000000000000000000010000000000000000000000000000000000000000000000000000
00000000000000000000000001000000100000000000000000000000000000000000000000000000000000000000010000000000000000100000000010000000000000000000000000000000000000000000000000000000000000000000000000000000
00000000000000000000000000000000000000000000000000000000000000000000010000000000010000000000000001000000000000000000000000000000000000001000000001000000000000100000100000000000000000000000000000000000
00000000000100000000000000000000000000000000000000000000000000000000000000000000000000000000000000000000000000000000000000000000000010000000000000000000000000000000000000000000000010000000000000000000
00000000000100000000000000000000000000000000000000000000000000000000000010000000000010000000000000000000000000000000000000000000000010000000000000000000000000000000000000000000000100000000100000000000
00000000000000001000000000000000000010000000100000000000000000000000000000000000000000000000000000000000000000000000000000000000000000000000000000000000000000000000001000000000000000010000000000000000
00000000000000000000000000000000000000000001000000000000000000000000000000000000000000000000000000000000000000000000000000000000000000000000001000000000000000000000000000010000000000000100000000000000
00000000000000001000000000000000000010000000000000000000000000000000000000000000000000000000000000000000000000000000000000000100000000000000000000000000000000000000000000000000000001000000000000000000
00010000000000000000000000000000000000000000000000000000000000000000000000000001000000000000000010000100000000000100000000000000000010000000000000000000000000000000000000000100000000000000101000000000
00000000000000000000000000000000000000000001000000000000000000000000000000000000000000000000000000000010000000000000000000000000000000000000001000000000000000000000000000000000000000100000000000000000
00000000100000000100000000000100000000001000000010000001000000000000100000000000000000000000000000000000000000000000000000000000100000000000000000000000000000000000000000000000000000000000000000000000
00000000100000000000000000000000000000001000000010000001010000010000000000000000000000000000000000000000000000000000000000000000000001000000000000000000000000000000000000000000000000000000000000000000
00000000000100000000000000000000000000000000000000000000000000000000000010000001000000000000000010000100000000000100000000000000000010000000000000000000000010000000000000000100000010001000000000000000
00001011000000000000000000010010000000000000000000000000000000000000000000010000000000000000000000000000000000000000000000000000001000000000000000000100000000000000000000000000000000000000000000000000
00000000000000000000000000000000000000000000000000000000000000000000000000000001000000000000000000000100000000000000000000000000000000000000000000000000000100000010000000000100000000001000000000000000
00000000001000000000100000000000000000000000000000000000000000100000000000000000001000000000000000100000000001000000000000000000000000000000000100000000000000000000000001000000000000000000000000000000
00000000010000000000000001001000100000000000000000000000000000001000000000000000000000000000010000000000000000000000000000000000000000000000000000000000000000000000000000000000000000000000000000000000
00000000010000000000000000000000100000000000000000000000000000000000000000000000000100000000000000000000100100000000000000000000000000000000000000000000000000000000000000000000000000000000000000000000
00000000000000000000000000000000000000000000000000000000000000000000000000000000100000100000000000000000000000000000000000000000000000000000000000000010010000000000000010000000000000000000000000000100
01000000000000000000010000000000010000000000000000000000000000000000000000000000000000000000000000000000000000000000000000000000000000000000000000000000000000000000000000000000000000000000000000000000
00000000000000101000000000000000000000000000100000000000000000000000000000000000000000000000000000000000000000000000000000000000000000000000000000000000000000000000000000000000000000000000000000000000
00000000000000000000000100100000000000100000000000000000000000000000000000000000100000000000000000001000000000000000000000000000000000000000000000000010000000000000000010000001000000000000000000100000
00000000000000000000000000000000000000000000000000010010000000000001000000000000000100000000000000000000001000000000000000000000000000000000000000000000000000000000000000000000000000000000000000000000
00001011000010000000000000010000100000000000000000000000000000000000000000000000000000000000000000000000100000000000000000000000000000010000000000000000000000000000000000000000000000000000000000000000
