0 2
0 4
0 23
0 27
0 35
0 40
0 44
1 18
1 25
1 30
1 41
1 44
1 45
2 4
2 8
2 36
2 44
3 6
3 45
4 9
4 12
5 6
5 17
5 44
6 7
6 10
6 14
6 15
6 16
6 22
6 24
6 27
6 40
6 44
6 45
7 12
7 40
7 49
8 45
9 44
10 21
10 45
10 46
11 14
11 15
11 19
11 40
11 43
11 44
11 49
12 35
13 24
13 39
13 44
13 45
14 19
14 28
14 31
14 43
15 34
15 36
15 39
15 41
16 40
17 33
17 44
17 47
17 48
18 26
18 40
19 32
19 37
20 40
20 45
21 44
22 44
23 29
23 34
23 44
25 26
25 28
25 44
27 29
27 42
30 44
31 32
31 44
33 44
37 40
37 48
38 40
38 44
40 42
40 44
40 45
41 47
42 46
44 45
