00100000000000001000000000000000000000000100000000000000000000000000000000000000000000000000000000000000000010000100000000000000000000000000000000000000000000000000000000000000000000000011000000000000
00000000000000000000000000000000000000000000000000000000000000000110000000000000000000100000000000000000000000000000000000000000000000000000000010000000000000000000000000000000000000000000000000100000
10001000000000000000100000100000000000000000000000000000000000000000000000100000000000000000000000000000000000000000000000000000000000000001000000000000000001000000000000000001000000000000000000000000
00000000000000000000000000000000000000000000000000100010000000000000000000000000000000010000000000000000000000000100000000000100000000000000000000000000000000000000000000000000001000000000000000000000
00100000000000001000000000000000000000000000000100000000000000100000000000000000000000000000000000000000000000000000000000000000000000100000000000110000000000000000000000000000000000000000000000000000
00000000000000000000010000000000000100000000000000000000000000000000010000000100001000000000000000000001101000000000000000000000000000000000000000000100000000000000000000000000000000000000000000000000
00000000000000000000000000000000000000000000000000000000000000000000010000000000000000000010000000000000000000000000000000000000000000000000000000000000100000000000000000000000100000000000000000000000
00000000000000000000000000000000000000000000000000000000000000000000100000000000100000000000000000000000000000000000000000000000100000000000000000000000000000000000000000000000000000000000000000100000
00000000000000000000000000000000000000000000100000000000000000000000100000000000000000000010000000000000000000000000000000000000000000000000000100000000000000000010000000000000000000000000100000000000
00000000000000000000000000001000000000000000000000000000000000000000000000000000000000001000000000000000000000000000000000000000000000000000000000000000000000000000000000000000000000000001000000000000
00000000000000000000000000000000000010000000000000000000000000000000000000000000000000000010000000000000000000000000000000000000000000000000100000000000000000000000000000000000010000000000000000000000
00000000000000000000000000000000000000100000000000000000000000000000000000000000000000000000000000000000000000000000000000000000000000000000000100000000000000000000000000000000010000000000000010000000
00000000000000000000000000000000000000000000100000000000000000000000010000000000000000010000000000000000000000000000000000000000000000000000000000000000010000000000100000000000000000000000001001000000
00000000000000000000000000000000000000000000000000000000000000000000000000000000001000000000000000010000000000000000000000000000000000000000000000000000000000000000000000000000000100000000000000000000
00000000000000000000000000000000000000000000000000000000000000000000000000000000000000000100000000000000000000000001000000000000000011000000000000000000000000000000100000000010000000000000000000000000
00000000000000000001000000000000000000000000000000000000000000000000000000000000000000000000000000000000000000000001000000000000000000100000000000000000000000000000100000000000000000000000000000000000
10001000000000000000000000000000000000000000000000001000000000000000000000001000000000000000000000100000000000000000000000000000010000000100000100000000000000100000000000000000000010000000000000000010
00000000000000000000000000000000000000100000000000000000000000000001000000000000000000010001000000000000000000000000000100000000000000000000000000000000000000000000000000010000000000000000000000000000
00000000000000000000000000000000000000000000000000000000010000000100001000000000000000000000001000000000000000001000000000000000000000000010000000000000000000000000000000000000000000000000000000000000
00000000000000010000000000100000000000000000000000000011000000000000000000000000000000000000000000000000000000000000000000000000000000001000001000000000000000000000000001000000000000000001000000000000
00100000000000000000000000000000000000000000000000000000000000000001000000000000000100000000000000000000000000000000000000000000000000000000000000000000100000000000000000000000000000001000000000000000
00000100000000000000000000000000010000001000000000000000000000000000000000000000000000000100000000000000000000000000000000000000000000000000000000000000000000000100000000000000000000000000000000000000
00000000000000000000000000000000000000000000000000000000000000000000000000000000100000000000000000000000000000000000000000000000000000000000000000000000000000000000000000000000000000000000000000000000
00000000000000000000000000000000000000000000000000000000000000000000000000000000000000000010000000000000000000000000000000000000000000000000000000000000000000000000000000000000000000000000000000000000
00000000000000000000000000000000000000000000000000000000000000000000000000000000000000000000000000000000000000000000000000000000000000000000000000000000000000000000000000000100000000000100000000000000
00000000000000000000000000000000000000000000000000000000000000000000000000000000000000000000000000000000000000000000000000000000000000000000000000000000000000000000000000000000000000000000000000000010
00100000000000000001000000000000000000000000000000000000000000000000000000000000000000000000000000000000000001000000000000000000000000000000000000000000000000000100000000000000000000000000000000000000
00000000000000000000000000000000010000000000000000001000000000001000000000000000000000000000000000000000000000100000001000001000000000000000000100000000000001000000000000000000000000000100010000001000
00000000010000000000000000000000000000000000000000010000000000000000000000000000001000000000000000000000000000001000000000000000010000000000000000000000010000000000000000000001000000000001000000000000
00000000000000000000000000000000000000000000000000000000000000000010000000000100000000000000000000000000000000000000000000000000000000000000000000000000000000000010000000000000000000100000000000000000
00000000000000000000000000000000000010000000000000000000000000000000000000000000001000000000000000000000000000000000000000000000000000000000000010000000000000000000000000000000000000000000000000000000
00000000000000000000000000000000000000000001000000000010000000000000000000000000000000000001000000000000000000001000100000000010000000000000000000000000001000000000000000000000100000000000000000000000
00000000000000000000000000000000000000000000000000000000000001000000100000000000000000000001000000000000000000000000001000000000010000000000000000100000000000010000000000000000000000000000100000010000
00000000000000000000010000010000000001000000000000000000010000000100000000000000000000000000000000000000000000001000000000000000000000000000000000000000000000000000000000000000000000010100000000001001
00000000000000000000000000000000000000000000000000000000100000000000000000000000000000000000000010000000000000000000000000001000000010000000000000000000000000000000000000000000000000000000000001000000
00000100000000000000000000000000000000000000000000000000000000000000001000000000000000000000000000000000000000000000000000000000000000000000000000010000000000000000000000000000010100000000000000000000
00000000001000000000000000000010000000010000000100000000000000000000000000000000010000000000000000000000000000000000000000000000000000000001000000000000000000000000000000000001000000000000000000000000
00000000000000000000000000000000010000000000001010000000000000000000000000000000000010010000000000000000000000000000000000000000000000000000000000001000000000000000000000000000000000000000000000000000
00000000000100000100000000000000000000000000000000000000000000000000000000000000000100000000000000000000000001000000010000000000010000010000000000000000000000000000000000000000000000000000000000000000
00000000000000000000000000000000000010000000100001000000000000000010000000000000000000000000000000000000000000000000000000000000000000000000000100000000000000100000000000000000000000000000000000000000
00000000000000000000010000000000000000000000000000000000000000000000000010000100000000000000000000000001000000000000000000000101000000000000000000010000000000000000000000000000000000000000000000000000
10000000000000000000000000000000000000000000000000000000000000000000000000000000000000000000000000000000100001000000000100000000000000000000000001000000000000000000000000000000000000000000000000000000
00000000000000000000000000000000000000000000000000000000000010000000000000000000100000000000000000000000000000000000000000000000000000000100000000000000000000000000000000000000000100000000000000000000
00000000000000000000000000000001000000000000000000000000000000000000000000000000000000000000000000000000000000000000000000000000001000000000000000000000000000000001000000000000000000000000000000000000
00000000100010000000000000000000000000010000000000000000000000000000000000100000000000000000000000100000000000000000000000000000000000000000000000000000000000000000001000000000000001000000000000000000
00000000000000000000000000000000000000000000000000010000000000000000000000001000000000000000000000000000000000000000000000000000000000000000000000000000000000000000000000000000000000100000000000000000
00000000000000000000000000000000000001000000000000000000000000000000000000000000000000000000000100000000000000000000000000000000000000000000000000000000001000000000000000000001000000000000000000000000
00001000000000000000000000000000000010000000000000000000000000000000010000000000000000000000100000000000000000000000000000000000101000000000000000000000000000000000000000000000000000000000000000000000
00000000000000000000000000000000000001000000000000000000000000000000000000000000000000000000000000000000000000000000000100000000000011000000000000000000000000000000000000000000000000000000000000000000
00000000000000000000000000000000000000010000000000000000000000000000000000010000000000000000010000000010000010000000000000000001000100000000010000000000000000001100000000000000000000000000000001000000
00010000000000000000000000000000000000000000000000000000000000000000000000000000000000000000000000000000000000000000001000000000000000000000000100000000000000000000000000000000010000000000000000000000
00000000000000000000000000001000000000000000010000000000000000000001000000000000000000000000001000000000001000000000000000010000001000000000000000000000000000000000000000000000000000000000000000000000
00000000000000001000000000010000000000000000000000000000000000000000000001000100001000000000000000000000000000000000000000000000000000000000000000000000000100000000000000000100000010000001000000000000
00000000000000000000000000000000000000000000000000000000000000000000000000000000000010000000010000000010000000000000000000000000000000000000000000000000010000000000000000000000000000000000000000000000
00010000000000000001000000000001000000000000000000000000000000000000000000000000000000000000000000001000000000000000100000000000000000000000000000000000000000000000000000000000010000000000000000000000
00000000000000000001000000000000000000000000000000000000100001000000000000000000000000000000000000000000000000000000000000000000000000000000000000000000001000000000000000000000000000000100000001000000
00000000000000000000000000000000001000000000000000000001000000000000000000000000000000000000000000000000000000000000000100001000000000000000000000000000000000000000000000000000000000000000001000000000
00000000000000000010000000000000010000000000000000000000000000000000000000000000000000000000000100000000000000000000000000000000000000000000000000000000000000000000000000000000000000000000000000000000
00000000000000000000000000000000000000000000000000000000000000000000100000000000000000000000000000000000000000000000000000000000000000000000000000000000000010000000000100000000000000100001000000001000
00000000000000000000000000000000000000000000000000000000000000000000000000000000000000000000010000000000000000000000000000000000000000000000000000000000000000000100000000000000000000000000000000100000
00000000000000000000000000000000000000000010000000000000000000000000001000100000000000000000000000000000001000000000000001001000000000000000100000000000000000000000000000000000000000000100000000000000
00000000000000000000000000000000100000000000000000000001000000000000010001000000000000001000000000000000000000000000000000000000000000000000000000000000000000000000000000000000000000000000000000000001
00001000000000000000000000000000000000000000000000000000000000000000000000000000000000000000000010000000001000000000000000000000000000000000000000000000000000000000010000000000000000000000000000000000
00000000000000000000000000000000000000000000000000000000000000000000000000000000000000000000000000000000000000000001100000000000000000000000000010000000000000000000001000000000000000000000000000000000
00000000000000000000000000010000000000000000000000000000000000000000000000000000000000000000000000000000000000000000000000100000000000001000000000000000100000000000000000000000001000000000000000000000
01000000000000000010000000000000010000000000000000000000000000000000000000000000100000000000000000000000000000000000000000000000000000000000000000000000000000000000000000000010000000000000000000000000
01000000000000000000000000000100000000010000000000000000000000000000000000000000000000000000000000000000000000000000000000000000000000001000000000000000000000000000000010000000000000000000000000000010
00000000000000000100100000000000000000000000000000010000000000000000000010000000000000000000000000000000000000000000000000000000000000000000001000000000001000000000001000000000000000001000000000000000
00000001100000000000000000000000100000000000000000000000001000000000000000010000000000000000000000000000000000000000000000000010000000000000000010000000000000000000000000000000000000000000000000000000
00000110000010000000000000000000000000000000000100000000000001000000000000000000000000000000000000000000000100000000000000000000000000000000000000001000000000000000100000000000000000000000100000000000
00000000000000000010000000000000000100000000000000000000000010000000000000000001000000000000000000000000000000100000000000000000010000000000000000000000000100000000000000000001000000000000000000000000
00000000000000000000000000000000000000000000000000000000000000000000000000000000000000000000000000100000000000000000000000010000000000000000000000000000000000000000000000010000000000000000000000000000
00000000000000000000000000000000000000001000000000000000000000000001000000000000000000000100000000000000010000000000000000000000000000000000000000000000000000000000000000000000000000000000000000000000
00000000000000000000000000000000000000000000000000001000000001000000000000000000000000000000000000000000000000001000000000000000100000000000000100000001000000000000000000000001000000000000000000000000
00100000000000000000000000000000000000000000100000000000000010000000000000000001000000000000000000000000000000000000000000000000000100000000000000000001000000000000000000000000000000000001000000000000
00000000000000000000000000000000000000000000000001000000000000000000100000000000000000000001000000000000001000000000000000000000100000000000000000000100000000000000000000000000010110000000000001000000
00000000000000001000000000000000000000000000010000000000000000000000000000000000000000000000000000000000000000000000000000000000000000000000000000000000000000000000000000000000000000000000000000000000
00000100000000000000000000000100000000001000000000001000000000000000000000000000000000001001000000011000000000010000000000000000000000000010000000000000000000000000000000000000000000000000000000000000
00000000000000000000000000000000000000000000000000000000000000000000000000000000000000000000000000010000000000000000000000000010000000110000000000000000000010000000000000000000000000000000000000100000
00000000000000000000000000000000000000000000000000000000000000000000001000100000000000000010000000000000000100000000000000000000000000010000000000000000000000000000000000000000000000000000010000000000
00000001000000000000001000000000000000000010000000000000000000000100000000000000000000000000000100000000000000000000100001000000000000000010000000000000000000000000000000000000000011000010001000000000
00000000000000000000000000000000000010000000000000000000000000000000000000000000000000000001000000000000000000000000000000000000000000000000000000000001000000000000000000000000000000000000000000000100
00000100000001000000000000001010000000000000000000001000000000000000000000000000000100000000000000001000000000000001000000000000000000000000000000000000000000000000000000000000000000000000000000000000
00000000000000000000100000000000000000100000000000000000000000000000000000000000001000000000000000000000000000000000000000000000000000000000000001000000000000000000000100000000000000000000000000000000
00000000000000000000000000000000000001000000000000000100000000000000000000000000000000000000010000000000000000000000000000000000100000000000000000000000000000000000000000000000000000000000000000001000
00000000000000000000000000000000000000000000000000000000000000000000000000000000000000000000000000000000000000000000000000000000000000000001000000000000000000000000000000000000100000000000000000000000
01000000000000000000000000000000000000000000000000000000000000000000000000000000000000000000000000000000000000000000000000000000000000000000000000000000000000000000000000000000000000000000010000100000
00010000000010000100000000000000000001000000000000000000000000000000000000000000000000000000000000000000000001010000100000000000001000000000000000000000000000000000000000000000000000000000000000000000
00000000010000000000000000000000000000000000000000000000000001000000000000000100000000000000000000000000000000000000000000000010000000000000000000000000000000000000000000000000000001000000000000000000
00000000000000100000010000000000000000000000000000000000000000000000000010000000000000000000000000000000000000000000000000000000010000000000000000000000000000000001000100000100000000000000000000000000
00000010101000000000000100000000000000000000000000000000000000000000000000000001000000000000000000000000000000000000000000000010000000000000000000000001000000000000000000000000000100000000001101000000
00000000000000000100000000000001100000000000000000000000000000000000000000010100010000000000000000000000000000000000000000000000000100000000000000000000000000000000000000000000000000000000010000010000
00000000000000000000000000000000000000000000000100000000000000000000000000000000000000000000000000000000000000000010000000000000000000000000011000000100000000000000000001010000100000000000010000000000
00000000000000000000000000000000000000000000000001000100000100000000000000000000000010000000000000000001000000000000000000000000000000000001000001000000000000000000000000000010001100000001001000000000
00000000000000000010000000000000000000000000000000010000000000000000000000000000000000000000000000000000000000000100000000000000000000000000000000000000000000000000000000000000000000000000000000000000
00000000000000000000000000000000000000000000001000000000010000000000000000000000100000000000000000000000000000000000000010000000000000000000000001000000000000000000000000000000000000000000000000000000
00000000000000000000000000000000001000000000000000000000000000100000000000000000000000000000000000100000000000000000000000000000000000000000000000000000000000000000000000000000000000000000000000000000
00000000000000000000000000000000000000000000000000000000000000000000000000000000000000000000000000000000000000000000000000000000000000000000000001000000000000000000000000010000000000000001000010000000
00000000000000001000000000000000000000000000100000000000000000000000000100000000000000000000000010000000000000000000000000000000000000000000000000000000000000000000000100000001000000000000000000000000
00000000000001000000000000000000000000000000000000000000000000000000000000000110000000000000000000000000000000001000000000000000000000000000000000000000000100000001000000000000010000000000000000000001
00000000000000000000000000000000000000000000000000000010000000000000000000000100001000000000000000000000000000000000000000000000000010000000000001000000000000000000000000000000000000000000000000000000
00000000000000000000000000000000000000000000000000000000000000000000000000000000000000000000000000000000000000000000000000000000000000000000000000000010000000000010001000001100000010000000000000000000
00000000000000000000000000000000000000000000000001000100000000000000000000000000000000000000000000000000000000000000000000000000000000000000000000000000000000100000000000000000000000000000000000000000
00000100000000000000000000000000000000001000000000000000000000000000000000000000000000000000010000000000000000000000000000000001100000000000000000000000000000000000000000000000000000000000000000000001
00000100000000000000000000000000000000000100000000000000000000000000000000000000000000000000000000000000000000000000000000000000000000000000000001000000000000000000000000000000000000000000000000100000
00000000000000000000000000000000000000000000000000000000000000000000000010000000000000000000000000000000000000000000000000000000000000000011000000000000000000000000000000000000000000000000000000000000
00000100000000000000000000000000000000000000000000010000000010100000000000010000000000000000000000000000000001000000000000000000000000000000000000000000001000000000000000000000000000000000000000000000
00000000000000000000000000000000000000000000000000000000000000000000010000000001000000000000000000000000000001100000000000000000000000000000000000000000100000000000000000000000000000000000000000010000
10000000000000000000000000000000000000000000000001000000000000000000000000000000000000000000000000000000000000000000000000000000000000000000000000000000000000000000000000000000000000100000000000000000
00000000000000000000000000100000000000100100000000000000000000000000000000000000000000010000000000000000001100000000000000000000000100000000000000001000000000010000000000000000000000000000000000000000
00000000000000000000000000010000000000000000000000000000000000000000001000000000000000000000000000000000000100000000000001000000000000000000010000000000000000000000000000100000000000000000000000000000
00000000000000000000000000000000000000000000000000000000000000000000000000000100000000010000000000000000000000000000000100000000000000000000000000000001000000000000000010000000000000000000000000000000
00000000000000000010000000001001010000000000000000000000000000000000000001000000000000000000000000010000000000000000000000000000000000000000000000000000000000000000000000000000000000000000000000000000
10010000000000000000000000000000000000000000000000000000000000000000000000000000000000000000001000000000000000000001000000000000000000000000000000000000000000000000000000010000000000000001100000000000
00000000000000000000000000000000000000000000000000000000000000000000000000000000000000000000100000000000000000000000000000000000000000000010000000000000000000000000000000000000000000100000000100000000
00000000000000110000000000000000000000000000000000000000000000010000000000000000001000000000000000000000000000000100000000000000010000000000000000000000000000100000000000000000000000000000000000000000
00000000000000000000000000000001000000000000000000000010000000010000000000000000100000010000000000000000000000000000000000000000100000000000000000000000000000000000000000000000000000000000000000000000
00000000000000000000000000000000000000100000000000000000000000000000000000000000000000000000000000000000000000000000000100000000000000000000000001000000000000000000000000000000000001100000000000001000
00000000000000000000000000010000100000000000000000100000000000000000000000000000000000000000000000000000000000000000000000001000001000000000000000000000001000000000000000010000000000000000000000000000
00000000000000000100000000000000000000000100000010000000100000000000000000000000000000000000000000000000000000010000010000000000100000001000000000000000000000000000001000000010000000000000000000000000
00000000000000000000000000000000000000000000000000000000000000000000000000000000000000000000000100000000000000000000000000000000000000000000000010000000000000000000000000000000000000000000000000000000
00000000000000000000000000000000000000000000000000000000000010000000000000000000100000000000000000000000000000100000000000000000000000000000000000000000000000000000000000000000000000000000000000000000
00000000000000000000000000000000000000000000000000000000000000001000000000000000000000000000000000000000000000000000000000000000000000000000010001000000000000010000010000000000000010000000000000000000
00000000000000000000000000000000000000000000000000010000000000000000000100000000000000000000000000000000000000000000000000000100000000000001000000000000000000000000000000000000000000000000000000000000
00000000000000000000000000010000001000000000000000000000100010000000000000000000000000000000000000000000000000000000001000000000000000010000000010000010000000000000000000000000000000000000000000000000
00010000000000000000000000000000000000001000000000000000000000000000000000000000000000000000000000000000000000000000000000010000000000000000000000010000000000000000000000000000000000000000000000000000
00000000000000000000000000000001000000000000000000000000000000000000100000000010000000001010000000000000000000000000000000000000000000000000000000000000000000000000000000000100000000000000000110000000
00000000000000000000000000000000000000001000000001000000000000000000000000000000000000000000000000000001000000000000000000000000010000000000000000000000000000000000000000010000000101000000000000000000
00000001000000000000000000000000000000000000000100000000000000000000000001010000000010000000000000000001000000000000100100000000000000000000000000000000000000001000000000000000000000010000000000000000
00000000000000001000000000001000100000100000000000000000000000000000001000000000000000000100000000000000000000000001000000000001000001000000000000000100000000000000000000000000000000000000000000000000
00000000000000000000000000000000000000000001000100010000000000000000000000000000000000010000000000000000000000000000001000000000000000000000000000000000000000000000000000000001000000000000000000001000
00000000000000000000000000000000000000000000000001000000000000000000000000100000000000000001000000000000000001000000000000000000000000001000000001000000010000000000000000000000000000000000000000000000
00000000000000100000000000000000001000000000000010000000000000000000000000000000000000000000000000001000000000000000000000000000000000000000000000000000000000000000000000000100000000000000000000000000
00000000000000100000000000000000000000000000000010000000000000000000000000000000000000000000000000000000000000000000000000000000010000000000000000000000000000000000000000000100000000000000000000000000
00001000000000010000000000000000000000000000000000000000000000000000000000000010000000000000000000000000000000000000000000000000000000000000000000000000000000000001000000000000000000000000000000000000
00000000000000000000000000000000000000100000000000000000000000000000000000000011000000000000000000000000000000000000000000001000000000000000010000010000000000000000000000000000010000000000000000000000
00000000000000000001000000000000000000000000000000000000000000001010000000000000000000000000000000000000000000000000000100000000000100000000000000000000000000000000000000000000000000000000000000000000
00000000000000001000000000000000000000000010000000000000000000000000000000000000000000000000000000000000000000000000000000000000000000000000000000000000000100001000000010000000000000000000000000000001
00000000000000000010000000000000000000000000000000000000000000000000000000000100100000000000000000000000010000000010000000000000000000000000000000000000000100000000000000000000000000000000000000000000
00100000000000000000000000000000000010000000000000000000000000000000000000000000000001000000010000000000010000000000000000010000000000000000000000000000000000000010000000000010000100000010100100000000
00000000001000000000000000000000000000000000000000000000000010000000000000000000000000000000000000000000000000000000000000000000000000000000000000000000010000000000000000000000000010000000000000000000
00000000000000000000000000000000000000000000000001000000000000000000000000000000000000000000100000000000000000100000000000100000000000010000000000000000000000000000000000100000000000000010000000000000
00000000000000000001000000000000000000000000000000000000000000000001000000000000000000000000100000000000000000000000000000000000000000000000000000000010000001000000000000001000000000000000000000000000
00000000100100001000000000010000000000010000000000100000000000000000000001000000000000000000000000000000000000000000000000000000000000000000000001000000000000000000000000000010000000000000000000000000
01000000000000000000000000000010000000000000000000000000000000010000100000000000000000000000000000000000000000000000000010001000000000000000000000000000000000000000000000000000000000000000000000001001
00000000000000000000000000000000000000000100000000000000000000000000000000000000000100000000010101001000100000000000010000100000000100000000000100000100000000000000000001000000000000010000000000000000
00001000000000000000000000000000100000000000000000000000000000000000000000000000000000000000000000000000000000000000000000000000000000000000000000000000000000000000000000000000000000000000000010000000
00001000000000000000000000000000000100001000000000000000000000000000000000000000000000000000000000000000000000000000000000000100000000010000000000000000000000000000010000000000000000000000000000000000
00000000000000000000000000000000000001000000000000000000000000000000010000000000000000000000000000000000000001000000000000000000000000000000000000000000000000000000000000000000000000000000100000000000
00000100000000000000000000000000000000000000000000000000000000000000000000010000000000000000100000000000000000000000000000000000010000000000000001000000000000000000000000000100000000000000000000000000
00000000000000000000000000000000000000000000000000000000000000000000000000000000000000000000000000000100000000000000000000001000000000000000001000000000001000000001010000000000000000001000000000001000
00000000000000000000000000000000000000000000000000000000000000000000000001100000010000000010000000000000000000010000000000000000000000000000000000000000100000000000000000000000000000010000000000000000
00000010000000000000100000000000000000000000000000000000000000001000000000000000000000000000000000000000000100000000000000000000000000000000000000000001000000000000000000000000010000000000000000000000
00000000000010000000000000001000000000000000000000000100000000000000000000000000000000000000000000000000000000000000000000000000000100000000100000000000000000001000000000000000000000000000000000000000
00000000000000000000000000000001000000000000001000000001000000000001000000000000000000000000000000000000001000000000001000000000000000000000000000000010000000000000010000010000000000000000000001000000
00000000000000000000000000000000000000000000000000001000000000000000001000000000000000000000000000010000000000000000000000000000000000000110000000000000000000000000000000000000000000000000000000100000
00000000000000000000000000000000000000000000000000000000001000000000000000000010000000000000000000000000000000000000000000000000000000000000000000000000000000000000000000100000000000000000000000000000
00100000000000000000000000010000000000000000000000000000000000000000000000000000000000000000000000000000000000000000000000000000000000000000001000000000000000000000000000100000000000100000000000000000
00000000000000001000000000000000000000010000000000000000000000000000000000000000000000000000000000000010000000000001000000000000000000000000000000000000000000000000000000000001000000000000000000000000
00000000000000000000000000000000100000000000000000000000000000000000000000000000000000000000000000000000000001000000000000100000000000000000000000000000000000000000000000000000000000000000000000000000
00000000000000000000000000000000000000000000000001000000000000000000000000000000000000000000000000000000000000000000000000000000100000000100000000000000010000000000000000000000000000100000000000000000
00000000000000000000010000100000000000000000000001000000000100000000000000000000000000000000000000000000000000000000000000000000000000000000000000000000000000000000000000000000000000000000000000000000
00000000100000000000000000000100000000000000000000000000000000000000000000000000000000000000000000000100000000000000000000000000000000000001000000000000000000000000000000000010000000000000000010000000
00000000000000000000000000000000000000000001000000000000000000000000000000000000000000000100000000010000000000000000000000000000000000100000000000000010000000000000000000000000000000000000000000000000
00000000000010110000000000000000000000000000000000000000000000000000010000000000000000000000000000000000000000000000000000000000000000000000000000000000000000000000000000001000000010000000000000000001
00000000000000000000000000000000000000000000000000000000000000100000000000000000000000000000000000000000000000000000000000100000000000000000000000010010001000000000001001000000000010000000000100000001
00000000000000000000000000000000000000000000100000000000000000010001000000000000000000000000000000000100000000000000000100000000000000000000000000000000000000000000010100000000000000000000000000000000
00000000000000000000000000000000000000000000000000000000001000000000000000000000000100000100000000100000000000000000000000000000000000000000000000000000000000000000001000000000000000000000000000000000
00000000000000000000000000000000000000000000000000000000000000000010000000000000000000000000000000000000000000010000000000000000000000000100000000000000000000000000000000000000000000000000000000000001
00000000000000000001000000000000000000000000000000000000000000000000000000000000000000000000100000000000000000000000000000000000000000000000000001000000000000000000010000000000010000000000000000000000
00000000000000000000000000000000000000000000000000000000000000000000000000000000000000000000000000000000000000100000000000000000000000000000010000000000000011000000000000010000000000000000000000000000
00000000000000000100000000000000000000000000000000000000000000000000000100000000000000000000100001000000000000000100001000000001000000000000000000000000001000000000000000100000000000000000000000000000
00000000000000000000000000000000000000000000000000000000000000000000000000000000000000000000000000000100000000000000000000000000000000000000001000000000000000000000100000000000000000000000000000000000
00000000000000000000000010000000000000000000000000001000000000000000000000000000000000000100000000000100000000000000000000000010000011000000000000000100000000000000000000000000000000000000000000000000
00000000000000100000000000000000000000000000000000000000000000000100000000000000000000000000010000000000000000000000000100000000000000000001000100000000000000000010000000000000000000000000000001000010
00100000000000000000000000001000000010000000001000000000000000000000001001000000000000000000000000100000000000000000000000000000001000000000000000000000000000100000000000000000000000000000000000000000
00000010000000000000000000000001000000000000000000000000000000000000000000000000000001000000100000000000000000000000000000000000000000000000000000000000000000000000000000000000000000000000000000000101
00000000001100000000000000000000000100000000000000100010000000000000000000010000000000000000000000010000000000000000000000000000000000010000000000000000100000000000000001000000001010000000000000100000
00010000000000000000000000000000000000000000000000000000000000001000000000000000000000000000010000000000000000000000000000000000000000000000000000000000000000000000000000000000010010000000000000000100
00000000000001000000000000000000000100000010000000000000000000000000000000010000000000000010010000000000000000000000000000000001000000000001000000000000000000000000000000000000000001000000000000000000
00000000000000001000000000000000000000000000000000001000000000000000000000010000100000000000000000000100000000000000000000100000000000000000100000000000000000000000110000000000011000000000000001001000
00000000000000000000000000000000000000000000100000000000000000000000000000000000100000001000000000000000000000000000010000000001000000000000000000000000000000000000000000000000000100000000000000001000
00000000000000000000000000000100000000000000010000000000001000000000000000000000000000000000000000000000000010000010010000000000000000000000000000000000000001001000000000000000000000000000000000000010
00000000000000000000000000000000010000000000000000000000000000000000000000000000000000000000000000000000000000000000000000000000100000000000000001000001000000000000000000000000000000000001000000000000
00000000000000000000100000000000000000000000000000000000000000000001000000000000000000000000000000000000000000000000000000000000000000000000000000000010000000000000000000000000000000000100000000000000
00000000000000000000000010010000010000000000000000000001000010000000000000000000000000000000000000000000000000000000000000000000000000000000000000000000000000000000000000000000000000001000000000000000
10000000000000000000000000000000000000000000000000000000000000000000000000000000100000000000000000000000000000000000000000000000000000000001010000000000000000000000000000000000000000000000000000000000
10000000010000000001000000001000000000000000000000001000001000000000000000100000000000000000010001000000000000000100000000000000000000000000000000000000000000000000000000000000000000010000000000000000
00000000100000000000000000000000100000000000000000000000000000000000010000000000000000000000000000000000000000000100000000000000000000000001000000001000000000000000000000000000000000000000000000000000
00000000000000000000000000010000000000000000000000000000000000000000000000000001000000100001100000000000000000000000000000000000000000000000000000000000000000000000000000000000000000000000000000000000
00000000000010000000000000000000000000000000000000000000100000000000000000000000100000000010010000000000000000000000000000000000000000000000000000000000000000000000000000000000000000000000000000001000
00000000000000000000000000000000000000000000000000000000000000000000000000000000000000000010000000000000000000000010000000000010000000000001000000000000000000000000010000000000000000000000000000000000
00000000000100000000000000000000000000000000000000000000000000000000000000000000000000000000000001000000000000000000000000000010000000000000000000100000000000000010000000000000000000000000000001000000
00000000000010000000000000000000001000000000000001000001000000000000000000010000000000000010000000000000000000000000000000000000000000000000000000000000001000000000000000000010000010000000000010000000
01000001000000000000000000000000000000000000000000000000000100000000000000000010000000100000000000000000100000000000000000000000000000000000000000000000000100000000000000000000010000000000000000001000
00000000000000000000000000000000100000000000000000000000000000000000000000000000000000000001000000000000000100000000000000000000000000000000000000000000000000000000000000000000000000000000000000000000
00000000000000000000000000010000010000000000000000000000001000000000000000000000000010000000000000000000000000000000010000000000001000000000000010000010000000000000000000000000000011000000001000100000
00000000000000000000000000000000000000000000000000000000000000000000000000000000010000000000000000000000000000000000000000000000000000000000000000000000000000000000000000000000101000000000000000000000
00000000000000001000000001000000000000000000000000000000000000000010000000000000000000000000000000000000000000000000000000000000000000000000000000000000000000000000000000000010000000100000000000000000
00000000000000000000000000000000010000000000000000000000000001000000000000000000000000000000000000010001000000000000000000000000000000000100000010000000000000000000110010000000100000000000000000000000
