10.342 10.502
10.413 10.583
10.413 10.583
10.413 10.583
10.413 10.583
10.422 10.581
10.422 10.581
10.441 10.741
10.441 10.741
10.441 10.741
10.441 10.741
10.441 10.741
10.441 10.741
10.441 10.741
10.441 10.741
10.441 10.741
10.441 10.741
10.540 10.773
10.540 10.773
10.540 10.773
10.540 10.773
10.540 10.773
10.540 10.773
10.540 10.773
10.540 10.773
10.540 10.773
10.540 10.773
10.540 10.773
10.540 10.773
10.540 10.773
10.540 10.773
10.540 10.773
10.540 10.773
10.540 10.773
10.540 10.773
10.540 10.773
10.540 10.773
10.540 10.773
10.540 10.773
10.540 10.773
10.540 10.773
10.540 10.773
10.540 10.773
10.540 10.773
10.540 10.773
10.540 10.773
10.540 10.773
10.540 10.773
10.540 10.773
10.540 10.773
10.540 10.773
10.540 10.773
10.540 10.773
10.540 10.773
10.540 10.773
10.540 10.773
10.540 10.773
10.540 10.773
10.540 10.773
10.540 10.773
10.540 10.773
10.540 10.773
10.545 10.766
10.545 10.766
10.545 10.766
10.545 10.766
10.545 10.766
10.545 10.766
10.545 10.766
10.545 10.766
10.545 10.766
10.545 10.766
10.545 10.766
10.545 10.766
10.545 10.766
10.545 10.766
10.545 10.766
10.545 10.766
10.545 10.766
10.545 10.766
10.545 10.766
10.545 10.766
10.545 10.766
10.545 10.766
10.545 10.766
10.545 10.766
10.545 10.766
10.545 10.766
10.586 10.830
10.586 10.830
10.586 10.830
10.586 10.830
10.586 10.830
10.586 10.830
10.586 10.830
10.586 10.830
10.586 10.830
10.586 10.830
10.586 10.830
10.586 10.830
10.592 10.825
10.592 10.825
10.592 10.825
10.592 10.825
10.592 10.825
10.592 10.825
10.592 10.825
10.592 10.825
10.592 10.825
10.592 10.825
10.592 10.825
10.592 10.825
10.592 10.825
10.592 10.825
10.592 10.825
10.592 10.825
10.592 10.825
10.592 10.825
10.592 10.825
10.592 10.825
10.592 10.825
10.592 10.825
10.592 10.825
10.592 10.825
10.592 10.825
10.592 10.825
10.592 10.825
10.592 10.825
10.592 10.825
10.592 10.825
10.592 10.825
10.592 10.825
10.592 10.825
10.592 10.825
10.592 10.825
10.592 10.825
10.592 10.825
10.592 10.825
10.592 10.825
10.592 10.825
10.592 10.825
10.592 10.825
10.592 10.825
10.592 10.825
10.592 10.825
10.592 10.825
10.592 10.825
10.592 10.825
10.592 10.825
10.592 10.825
