10.282 10.366
10.302 10.466
10.354 10.493
10.357 10.447
10.357 10.445
10.357 10.446
10.357 10.442
10.357 10.443
10.357 10.436
10.357 10.433
10.376 10.565
10.376 10.575
10.376 10.577
10.376 10.574
10.376 10.584
10.376 10.573
10.376 10.556
10.376 10.553
10.376 10.575
10.376 10.562
10.376 10.565
10.376 10.560
10.376 10.572
10.376 10.568
10.376 10.548
10.376 10.571
10.376 10.575
10.376 10.564
10.376 10.559
10.376 10.576
10.376 10.565
10.376 10.557
10.376 10.571
10.376 10.572
10.376 10.565
10.376 10.576
10.376 10.539
10.376 10.561
10.376 10.561
10.376 10.551
10.525 10.619
10.525 10.609
10.525 10.623
10.525 10.614
10.525 10.623
10.525 10.603
10.525 10.619
10.525 10.603
10.525 10.606
10.525 10.604
10.525 10.595
10.525 10.614
10.525 10.621
10.525 10.599
10.525 10.599
10.525 10.612
10.525 10.615
10.525 10.622
10.525 10.623
10.525 10.586
10.525 10.604
10.525 10.619
10.525 10.602
10.525 10.608
10.525 10.595
10.525 10.613
10.525 10.621
10.525 10.609
10.525 10.615
10.525 10.611
10.525 10.584
10.525 10.608
10.525 10.611
10.525 10.620
10.525 10.606
10.525 10.621
10.525 10.601
10.525 10.614
10.525 10.597
10.525 10.616
10.525 10.603
10.525 10.594
10.525 10.616
10.525 10.626
10.525 10.619
10.525 10.605
10.525 10.619
10.525 10.608
10.525 10.618
10.525 10.621
10.525 10.605
10.525 10.603
10.525 10.602
10.525 10.615
10.525 10.606
10.525 10.613
10.525 10.616
10.525 10.621
10.525 10.624
10.525 10.604
10.525 10.605
10.525 10.613
10.525 10.610
10.525 10.620
10.525 10.603
10.525 10.611
10.525 10.601
10.525 10.604
10.525 10.626
10.525 10.598
10.525 10.616
10.525 10.602
10.525 10.615
10.525 10.620
10.525 10.621
10.525 10.609
10.525 10.609
10.525 10.613
10.525 10.623
10.525 10.630
10.525 10.594
10.525 10.604
10.525 10.606
10.525 10.608
10.525 10.626
10.525 10.616
10.525 10.607
10.525 10.602
10.525 10.583
10.525 10.601
10.525 10.633
10.525 10.608
10.525 10.603
10.525 10.635
10.525 10.625
10.525 10.594
10.525 10.604
10.525 10.608
10.525 10.615
10.525 10.589
10.525 10.612
10.525 10.604
10.525 10.604
10.525 10.596
10.525 10.635
10.525 10.598
10.525 10.620
10.525 10.622
10.525 10.616
10.525 10.616
