10.783 11.241
10.800 11.258
10.800 11.258
10.800 11.258
10.800 11.258
10.800 11.258
10.800 11.258
10.800 11.258
10.800 11.258
10.800 11.258
10.800 11.258
10.800 11.258
10.800 11.258
10.800 11.258
10.800 11.258
10.828 11.305
10.828 11.305
10.828 11.305
10.828 11.305
10.828 11.305
10.828 11.305
10.828 11.305
10.828 11.305
10.828 11.305
10.828 11.305
10.828 11.305
10.828 11.305
10.828 11.305
10.828 11.305
10.828 11.305
10.828 11.305
10.828 11.305
10.828 11.305
10.828 11.305
10.828 11.305
10.828 11.305
10.828 11.305
10.828 11.305
10.828 11.305
10.828 11.305
10.828 11.305
10.828 11.305
10.828 11.305
10.828 11.305
10.828 11.305
10.828 11.305
10.828 11.305
10.828 11.305
10.828 11.305
10.828 11.305
10.828 11.305
10.828 11.305
10.828 11.305
10.828 11.305
10.828 11.305
10.828 11.305
10.828 11.305
10.828 11.305
10.828 11.305
10.828 11.305
10.828 11.305
10.828 11.305
10.828 11.305
10.828 11.305
10.828 11.305
10.828 11.305
10.828 11.305
10.828 11.305
10.828 11.305
10.828 11.305
10.828 11.305
10.828 11.305
10.828 11.305
10.828 11.305
10.828 11.305
10.828 11.305
10.828 11.305
10.828 11.305
10.828 11.305
10.828 11.305
10.828 11.305
10.828 11.305
10.828 11.305
10.828 11.305
10.828 11.305
10.828 11.305
10.828 11.305
10.828 11.305
10.828 11.305
10.828 11.305
10.828 11.305
10.828 11.305
10.828 11.305
10.828 11.305
10.828 11.305
10.828 11.305
10.828 11.305
10.828 11.305
10.828 11.305
10.828 11.305
10.828 11.305
10.828 11.305
10.828 11.305
10.828 11.305
10.828 11.305
10.828 11.305
10.828 11.305
10.828 11.305
10.828 11.305
10.828 11.305
10.828 11.305
10.828 11.305
10.828 11.305
10.828 11.305
10.828 11.305
10.828 11.305
10.828 11.305
10.828 11.305
10.828 11.305
10.828 11.305
10.828 11.305
10.828 11.305
10.828 11.305
10.828 11.305
10.828 11.305
10.828 11.305
10.828 11.305
10.828 11.305
10.828 11.305
10.828 11.305
10.828 11.305
10.828 11.305
10.828 11.305
10.828 11.305
10.828 11.305
10.828 11.305
10.828 11.305
10.828 11.305
10.828 11.305
10.828 11.305
10.828 11.305
10.828 11.305
10.828 11.305
10.828 11.305
10.828 11.305
10.828 11.305
10.828 11.305
10.828 11.305
10.828 11.305
10.828 11.305
