10.743 11.095
10.743 11.081
10.768 11.224
10.768 11.194
10.768 11.207
10.768 11.225
10.795 11.223
10.795 11.202
10.795 11.204
10.795 11.229
10.795 11.184
10.795 11.226
10.795 11.198
10.795 11.226
10.807 11.269
10.807 11.231
10.807 11.265
10.807 11.229
10.807 11.219
10.807 11.252
10.807 11.245
10.807 11.263
10.807 11.239
10.827 11.249
10.827 11.249
10.827 11.259
10.827 11.243
10.827 11.249
10.827 11.252
10.827 11.260
10.827 11.279
10.827 11.243
10.827 11.241
10.827 11.255
10.827 11.204
10.827 11.256
10.827 11.268
10.827 11.217
10.827 11.250
10.831 11.296
10.831 11.253
10.831 11.278
10.831 11.266
10.831 11.270
10.831 11.282
10.831 11.293
10.831 11.268
10.831 11.262
10.831 11.287
10.831 11.247
10.831 11.260
10.831 11.286
10.831 11.277
10.831 11.230
10.831 11.289
10.831 11.282
10.831 11.266
10.831 11.252
10.831 11.299
10.831 11.267
10.831 11.241
10.831 11.282
10.831 11.251
10.831 11.282
10.831 11.252
10.831 11.296
10.831 11.280
10.831 11.272
10.831 11.246
10.831 11.258
10.831 11.282
10.831 11.247
10.831 11.297
10.831 11.280
10.831 11.263
10.831 11.235
10.831 11.272
10.831 11.261
10.831 11.251
10.831 11.274
10.831 11.277
10.831 11.267
10.831 11.266
10.831 11.277
10.831 11.250
10.831 11.260
10.831 11.258
10.831 11.243
10.831 11.289
10.831 11.265
10.831 11.267
10.831 11.276
10.831 11.255
10.831 11.281
10.831 11.269
10.831 11.262
10.831 11.272
10.831 11.247
10.831 11.273
10.831 11.239
10.831 11.272
10.831 11.267
10.831 11.301
10.831 11.290
10.831 11.218
10.831 11.265
10.831 11.268
10.831 11.274
10.831 11.271
10.831 11.275
10.831 11.226
10.831 11.261
10.831 11.252
10.831 11.273
10.831 11.232
10.831 11.245
10.831 11.238
10.831 11.265
10.831 11.278
10.831 11.240
10.831 11.261
10.831 11.252
10.831 11.263
10.831 11.261
10.831 11.263
10.831 11.281
10.831 11.246
10.831 11.274
10.831 11.267
10.831 11.268
10.831 11.231
10.831 11.281
10.831 11.271
10.831 11.252
10.831 11.254
10.831 11.257
10.831 11.262
10.831 11.238
10.831 11.292
10.831 11.265
10.831 11.292
10.831 11.288
10.831 11.242
10.831 11.266
10.831 11.263
10.831 11.252
10.831 11.252
10.831 11.268
10.831 11.294
10.831 11.275
