10.382 10.379
10.382 10.379
10.386 10.440
10.394 10.367
10.394 10.367
10.394 10.367
10.394 10.367
10.394 10.367
10.408 10.433
10.408 10.433
10.408 10.433
10.434 10.470
10.434 10.470
10.434 10.470
10.434 10.470
10.434 10.470
10.434 10.470
10.434 10.470
10.434 10.470
10.434 10.470
10.434 10.470
10.434 10.470
10.434 10.470
10.434 10.470
10.434 10.470
10.434 10.470
10.434 10.470
10.434 10.470
10.434 10.470
10.434 10.470
10.434 10.470
10.434 10.470
10.434 10.470
10.434 10.470
10.434 10.470
10.434 10.470
10.434 10.470
10.434 10.470
10.434 10.470
10.434 10.470
10.434 10.470
10.434 10.470
10.434 10.470
10.434 10.470
10.434 10.470
10.434 10.470
10.434 10.470
10.434 10.470
10.460 10.467
10.460 10.467
10.460 10.467
10.460 10.467
10.460 10.467
10.460 10.467
10.460 10.467
10.460 10.467
10.460 10.467
10.460 10.467
10.460 10.467
10.460 10.467
10.460 10.467
10.460 10.467
10.460 10.467
10.460 10.467
10.460 10.467
10.460 10.467
10.460 10.467
10.460 10.467
10.460 10.467
10.460 10.467
10.460 10.467
10.460 10.467
10.460 10.467
10.460 10.467
10.460 10.467
10.460 10.467
10.460 10.467
10.460 10.467
10.460 10.467
10.460 10.467
10.460 10.467
10.460 10.467
10.460 10.467
10.460 10.467
10.460 10.467
10.460 10.467
10.460 10.467
10.460 10.467
10.460 10.467
10.460 10.467
10.460 10.467
10.460 10.467
10.460 10.467
10.460 10.467
10.460 10.467
10.460 10.467
10.460 10.467
10.460 10.467
10.460 10.467
10.460 10.467
10.460 10.467
10.460 10.467
10.460 10.467
10.460 10.467
10.460 10.467
10.460 10.467
10.460 10.467
10.460 10.467
10.460 10.467
10.460 10.467
10.460 10.467
10.460 10.467
10.460 10.467
10.460 10.467
10.460 10.467
10.460 10.467
10.460 10.467
10.460 10.467
10.460 10.467
10.460 10.467
10.460 10.467
10.460 10.467
10.460 10.467
10.460 10.467
10.460 10.467
10.460 10.467
10.460 10.467
10.460 10.467
10.460 10.467
10.460 10.467
10.460 10.467
10.460 10.467
10.460 10.467
10.460 10.467
10.460 10.467
10.460 10.467
10.460 10.467
10.460 10.467
10.460 10.467
10.460 10.467
10.460 10.467
10.460 10.467
10.460 10.467
10.460 10.467
10.460 10.467
10.460 10.467
10.460 10.467
10.460 10.467
10.460 10.467
10.460 10.467
