10.425 10.467
10.425 10.467
10.425 10.467
10.425 10.467
10.436 10.447
10.436 10.447
10.436 10.447
10.436 10.429
10.436 10.429
10.436 10.429
10.436 10.429
10.436 10.429
10.436 10.429
10.436 10.429
10.436 10.429
10.436 10.429
10.436 10.429
10.436 10.429
10.436 10.429
10.436 10.429
10.436 10.429
10.436 10.429
10.436 10.429
10.436 10.429
10.436 10.429
10.436 10.429
10.436 10.429
10.436 10.429
10.436 10.429
10.436 10.429
10.439 10.466
10.439 10.466
10.439 10.466
10.445 10.442
10.450 10.394
10.450 10.394
10.450 10.394
10.450 10.394
10.454 10.432
10.454 10.432
10.454 10.432
10.454 10.432
10.454 10.432
10.454 10.432
10.454 10.432
10.454 10.440
10.454 10.440
10.454 10.440
10.454 10.440
10.454 10.440
10.454 10.440
10.454 10.440
10.454 10.440
10.454 10.440
10.454 10.440
10.454 10.440
10.454 10.440
10.454 10.440
10.454 10.440
10.454 10.440
10.454 10.440
10.454 10.440
10.454 10.440
10.454 10.440
10.454 10.440
10.454 10.440
10.454 10.440
10.454 10.440
10.454 10.440
10.464 10.453
10.464 10.453
10.464 10.453
10.464 10.453
10.464 10.453
10.464 10.453
10.464 10.453
10.464 10.453
10.464 10.453
10.464 10.453
10.464 10.453
10.464 10.453
10.464 10.453
10.464 10.453
10.464 10.453
10.464 10.453
10.464 10.453
10.464 10.453
10.464 10.453
10.464 10.453
10.464 10.453
10.464 10.453
10.464 10.453
10.464 10.453
10.464 10.453
10.464 10.453
10.464 10.453
10.464 10.453
10.464 10.453
10.464 10.453
10.464 10.453
10.464 10.453
10.464 10.453
10.464 10.453
10.464 10.453
10.464 10.453
10.464 10.453
10.464 10.453
10.464 10.453
10.464 10.453
10.464 10.453
10.464 10.453
10.464 10.453
10.464 10.453
10.464 10.453
10.464 10.453
10.464 10.453
10.464 10.453
10.464 10.453
10.464 10.453
10.464 10.453
10.464 10.453
10.464 10.453
10.464 10.453
10.464 10.453
10.464 10.453
10.464 10.453
10.464 10.453
10.464 10.453
10.464 10.453
10.464 10.453
10.464 10.453
10.464 10.453
10.464 10.453
10.464 10.453
10.464 10.453
10.464 10.453
10.464 10.453
10.464 10.453
10.464 10.453
10.464 10.453
10.464 10.453
10.464 10.453
10.464 10.453
10.464 10.453
10.464 10.453
10.464 10.453
10.464 10.453
10.464 10.453
10.464 10.453
10.464 10.453
