10.598 10.651
10.620 10.690
10.620 10.690
10.648 10.697
10.648 10.697
10.648 10.697
10.648 10.697
10.648 10.697
10.648 10.697
10.667 10.755
10.667 10.755
10.667 10.755
10.667 10.755
10.667 10.755
10.667 10.755
10.667 10.755
10.667 10.755
10.667 10.755
10.667 10.755
10.667 10.755
10.684 10.739
10.684 10.739
10.684 10.739
10.684 10.739
10.684 10.739
10.728 10.808
10.728 10.808
10.728 10.808
10.728 10.808
10.728 10.808
10.728 10.808
10.728 10.808
10.728 10.808
10.728 10.808
10.728 10.808
10.728 10.808
10.728 10.808
10.728 10.808
10.728 10.808
10.728 10.808
10.728 10.808
10.728 10.808
10.728 10.808
10.728 10.808
10.728 10.808
10.728 10.808
10.728 10.808
10.728 10.808
10.728 10.808
10.728 10.808
10.728 10.808
10.728 10.808
10.728 10.808
10.728 10.808
10.728 10.808
10.728 10.808
10.728 10.808
10.728 10.808
10.728 10.808
10.728 10.808
10.728 10.808
10.728 10.808
10.728 10.808
10.728 10.808
10.744 10.805
10.744 10.805
10.744 10.805
10.744 10.805
10.744 10.805
10.744 10.805
10.744 10.805
10.744 10.805
10.744 10.805
10.744 10.805
10.744 10.805
10.744 10.805
10.744 10.805
10.744 10.805
10.744 10.805
10.744 10.805
10.744 10.805
10.744 10.805
10.744 10.805
10.744 10.805
10.744 10.805
10.744 10.805
10.744 10.805
10.744 10.805
10.744 10.805
10.744 10.805
10.744 10.805
10.744 10.805
10.744 10.805
10.744 10.805
10.744 10.805
10.744 10.805
10.744 10.805
10.744 10.805
10.744 10.805
10.744 10.805
10.744 10.805
10.744 10.805
10.744 10.805
10.744 10.805
10.744 10.805
10.744 10.805
10.744 10.805
10.744 10.805
10.744 10.805
10.744 10.805
10.744 10.805
10.744 10.805
10.744 10.805
10.744 10.805
10.744 10.805
10.744 10.805
10.744 10.805
10.744 10.805
10.744 10.805
10.744 10.805
10.744 10.805
10.744 10.805
10.744 10.805
10.744 10.805
10.744 10.805
10.744 10.805
10.744 10.805
10.744 10.805
10.744 10.805
10.744 10.805
10.744 10.805
10.744 10.805
10.744 10.805
10.744 10.805
10.744 10.805
10.744 10.805
10.744 10.805
10.744 10.805
10.744 10.805
10.744 10.805
10.744 10.805
10.744 10.805
10.744 10.805
10.744 10.805
10.744 10.805
10.744 10.805
10.744 10.805
10.744 10.805
10.744 10.805
10.744 10.805
