10.702 10.777
10.715 10.776
10.776 10.841
10.776 10.841
10.776 10.841
10.776 10.841
10.776 10.841
10.776 10.841
10.776 10.841
10.776 10.841
10.776 10.841
10.776 10.841
10.776 10.841
10.799 10.860
10.799 10.860
10.799 10.860
10.799 10.860
10.799 10.860
10.799 10.860
10.799 10.860
10.799 10.860
10.799 10.860
10.799 10.860
10.799 10.860
10.799 10.860
10.799 10.860
10.799 10.860
10.799 10.860
10.799 10.860
10.799 10.860
10.799 10.860
10.799 10.860
10.799 10.860
10.799 10.860
10.799 10.860
10.799 10.860
10.799 10.860
10.799 10.860
10.799 10.860
10.799 10.860
10.799 10.860
10.799 10.860
10.799 10.860
10.799 10.860
10.799 10.860
10.799 10.860
10.799 10.860
10.799 10.860
10.799 10.860
10.799 10.860
10.799 10.860
10.799 10.860
10.799 10.860
10.799 10.860
10.799 10.860
10.799 10.860
10.799 10.860
10.799 10.860
10.799 10.860
10.799 10.860
10.799 10.860
10.799 10.860
10.799 10.860
10.799 10.860
10.799 10.860
10.799 10.860
10.799 10.860
10.799 10.860
10.799 10.860
10.799 10.860
10.799 10.860
10.799 10.860
10.799 10.860
10.799 10.860
10.799 10.860
10.799 10.860
10.799 10.860
10.799 10.860
10.799 10.860
10.799 10.860
10.799 10.860
10.807 10.874
10.818 10.897
10.818 10.897
10.818 10.897
10.818 10.897
10.818 10.897
10.818 10.897
10.818 10.897
10.818 10.897
10.818 10.897
10.818 10.897
10.818 10.897
10.818 10.897
10.818 10.897
10.818 10.897
10.818 10.897
10.818 10.897
10.818 10.897
10.818 10.897
10.818 10.897
10.818 10.897
10.818 10.897
10.818 10.897
10.818 10.897
10.818 10.897
10.818 10.897
10.818 10.897
10.818 10.897
10.818 10.897
10.818 10.897
10.824 10.900
10.824 10.900
10.824 10.900
10.824 10.900
10.824 10.900
10.824 10.900
10.824 10.900
10.824 10.900
10.824 10.900
10.824 10.900
10.824 10.900
10.824 10.900
10.824 10.900
10.824 10.900
10.824 10.900
10.824 10.900
10.824 10.900
10.824 10.900
10.824 10.900
10.824 10.900
10.824 10.900
10.824 10.900
10.824 10.900
10.824 10.900
10.824 10.900
10.824 10.900
10.824 10.900
10.824 10.900
10.824 10.900
10.824 10.900
10.824 10.900
10.824 10.900
10.824 10.900
10.824 10.900
10.824 10.900
10.824 10.900
10.824 10.900
10.824 10.900
10.824 10.900
